-229.0400E-03,-9.0954775E+00,-9.4974875E+00
-228.5600E-03,-9.0954775E+00,-9.4472363E+00
-228.0800E-03,-9.0954775E+00,-9.6482413E+00
-227.6000E-03,-9.0452262E+00,-9.4974875E+00
-227.1200E-03,-9.0452262E+00,-9.6482413E+00
-226.6400E-03,-9.0452262E+00,-9.6482413E+00
-226.1600E-03,-9.0452262E+00,-9.4974875E+00
-225.6800E-03,-9.0452262E+00,-9.6482413E+00
-225.2000E-03,-8.8944724E+00,-9.4974875E+00
-224.7200E-03,-9.0452262E+00,-9.4472363E+00
-224.2400E-03,-8.8944724E+00,-9.6482413E+00
-223.7600E-03,-8.8944724E+00,-9.5979900E+00
-223.2800E-03,-9.0452262E+00,-9.6482413E+00
-222.8000E-03,-8.8442212E+00,-9.5979900E+00
-222.3200E-03,-8.8442212E+00,-9.5979900E+00
-221.8400E-03,-8.8442212E+00,-9.4472363E+00
-221.3600E-03,-8.8442212E+00,-9.4974875E+00
-220.8800E-03,-8.8944724E+00,-9.5979900E+00
-220.4000E-03,-8.8442212E+00,-9.4472363E+00
-219.9200E-03,-8.8442212E+00,-9.4472363E+00
-219.4400E-03,-8.8442212E+00,-9.4974875E+00
-218.9600E-03,-8.6934674E+00,-9.5979900E+00
-218.4800E-03,-8.6934674E+00,-9.4472363E+00
-218.0000E-03,-8.6432161E+00,-9.4974875E+00
-217.5200E-03,-8.6934674E+00,-9.4974875E+00
-217.0400E-03,-8.8442212E+00,-9.4472363E+00
-216.5600E-03,-8.6432161E+00,-9.5979900E+00
-216.0800E-03,-8.6432161E+00,-9.5979900E+00
-215.6000E-03,-8.6432161E+00,-9.4472363E+00
-215.1200E-03,-8.6432161E+00,-9.4472363E+00
-214.6400E-03,-8.6432161E+00,-9.4472363E+00
-214.1600E-03,-8.6432161E+00,-9.4472363E+00
-213.6800E-03,-8.6432161E+00,-9.4472363E+00
-213.2000E-03,-8.4924624E+00,-9.4472363E+00
-212.7200E-03,-8.4422111E+00,-9.4472363E+00
-212.2400E-03,-8.4924624E+00,-9.4472363E+00
-211.7600E-03,-8.4422111E+00,-9.5979900E+00
-211.2800E-03,-8.4924624E+00,-9.2964825E+00
-210.8000E-03,-8.4422111E+00,-9.3969850E+00
-210.3200E-03,-8.4422111E+00,-9.4974875E+00
-209.8400E-03,-8.4422111E+00,-9.5979900E+00
-209.3600E-03,-8.4422111E+00,-9.4472363E+00
-208.8800E-03,-8.4422111E+00,-9.4472363E+00
-208.4000E-03,-8.4422111E+00,-9.4472363E+00
-207.9200E-03,-8.4422111E+00,-9.4472363E+00
-207.4400E-03,-8.2914574E+00,-9.4472363E+00
-206.9600E-03,-8.2412061E+00,-9.4472363E+00
-206.4800E-03,-8.2412061E+00,-9.2964825E+00
-206.0000E-03,-8.2412061E+00,-9.4472363E+00
-205.5200E-03,-8.2412061E+00,-9.4472363E+00
-205.0400E-03,-8.2412061E+00,-9.3969850E+00
-204.5600E-03,-8.2412061E+00,-9.4472363E+00
-204.0800E-03,-8.2412061E+00,-9.4472363E+00
-203.6000E-03,-8.2412061E+00,-9.4472363E+00
-203.1200E-03,-8.0904523E+00,-9.4472363E+00
-202.6400E-03,-8.1909548E+00,-9.4472363E+00
-202.1600E-03,-8.2412061E+00,-9.3969850E+00
-201.6800E-03,-8.0904523E+00,-9.4472363E+00
-201.2000E-03,-8.0904523E+00,-9.4472363E+00
-200.7200E-03,-8.0402011E+00,-9.2964825E+00
-200.2400E-03,-7.9899498E+00,-9.4472363E+00
-199.7600E-03,-8.0402011E+00,-9.2964825E+00
-199.2800E-03,-8.0402011E+00,-9.3969850E+00
-198.8000E-03,-7.8894473E+00,-9.3969850E+00
-198.3200E-03,-8.0402011E+00,-9.3969850E+00
-197.8400E-03,-7.9899498E+00,-9.4472363E+00
-197.3600E-03,-7.9899498E+00,-9.2964825E+00
-196.8800E-03,-8.0402011E+00,-9.4472363E+00
-196.4000E-03,-8.0402011E+00,-9.2462312E+00
-195.9200E-03,-7.8391960E+00,-9.2964825E+00
-195.4400E-03,-7.9899498E+00,-9.4472363E+00
-194.9600E-03,-7.8391960E+00,-9.3969850E+00
-194.4800E-03,-7.8391960E+00,-9.3969850E+00
-194.0000E-03,-7.8391960E+00,-9.3969850E+00
-193.5200E-03,-7.8391960E+00,-9.4472363E+00
-193.0400E-03,-7.8391960E+00,-9.3969850E+00
-192.5600E-03,-7.6381910E+00,-9.3969850E+00
-192.0800E-03,-7.6884423E+00,-9.3969850E+00
-191.6000E-03,-7.6884423E+00,-9.2462312E+00
-191.1200E-03,-7.7889448E+00,-9.2964825E+00
-190.6400E-03,-7.6381910E+00,-9.2462312E+00
-190.1600E-03,-7.6381910E+00,-9.2462312E+00
-189.6800E-03,-7.7889448E+00,-9.2462312E+00
-189.2000E-03,-7.6381910E+00,-9.3969850E+00
-188.7200E-03,-7.6381910E+00,-9.2964825E+00
-188.2400E-03,-7.4874372E+00,-9.3969850E+00
-187.7600E-03,-7.4874372E+00,-9.3969850E+00
-187.2800E-03,-7.5879398E+00,-9.2462312E+00
-186.8000E-03,-7.5879398E+00,-9.2462312E+00
-186.3200E-03,-7.4371860E+00,-9.2462312E+00
-185.8400E-03,-7.4874372E+00,-9.2462312E+00
-185.3600E-03,-7.5879398E+00,-9.2462312E+00
-184.8800E-03,-7.4874372E+00,-9.3969850E+00
-184.4000E-03,-7.4371860E+00,-9.3969850E+00
-183.9200E-03,-7.5879398E+00,-9.2462312E+00
-183.4400E-03,-7.4371860E+00,-9.2462312E+00
-182.9600E-03,-7.3869347E+00,-9.2462312E+00
-182.4800E-03,-7.4371860E+00,-9.2462312E+00
-182.0000E-03,-7.2361810E+00,-9.2462312E+00
-181.5200E-03,-7.2864322E+00,-9.2462312E+00
-181.0400E-03,-7.4371860E+00,-9.2462312E+00
-180.5600E-03,-7.2361810E+00,-9.2462312E+00
-180.0800E-03,-7.3869347E+00,-9.0954775E+00
-179.6000E-03,-7.2361810E+00,-9.0954775E+00
-179.1200E-03,-7.2361810E+00,-9.1959800E+00
-178.6400E-03,-7.0854272E+00,-9.2462312E+00
-178.1600E-03,-7.0854272E+00,-9.1959800E+00
-177.6800E-03,-7.0854272E+00,-9.2462312E+00
-177.2000E-03,-7.0351759E+00,-9.1959800E+00
-176.7200E-03,-7.0854272E+00,-9.2462312E+00
-176.2400E-03,-7.1859297E+00,-9.2462312E+00
-175.7600E-03,-7.0351759E+00,-9.0954775E+00
-175.2800E-03,-7.0351759E+00,-9.2462312E+00
-174.8000E-03,-7.0351759E+00,-9.0452262E+00
-174.3200E-03,-7.0351759E+00,-9.2462312E+00
-173.8400E-03,-7.0351759E+00,-9.1959800E+00
-173.3600E-03,-6.9849247E+00,-9.0954775E+00
-172.8800E-03,-7.0351759E+00,-9.0452262E+00
-172.4000E-03,-7.0351759E+00,-9.2462312E+00
-171.9200E-03,-6.9849247E+00,-9.0452262E+00
-171.4400E-03,-7.0351759E+00,-9.2462312E+00
-170.9600E-03,-6.8341709E+00,-9.2462312E+00
-170.4800E-03,-6.9849247E+00,-9.0954775E+00
-170.0000E-03,-6.8341709E+00,-9.1959800E+00
-169.5200E-03,-6.8341709E+00,-9.2462312E+00
-169.0400E-03,-6.8341709E+00,-9.1959800E+00
-168.5600E-03,-6.6834171E+00,-9.0954775E+00
-168.0800E-03,-6.8341709E+00,-9.0452262E+00
-167.6000E-03,-6.8341709E+00,-9.0452262E+00
-167.1200E-03,-6.8341709E+00,-9.0954775E+00
-166.6400E-03,-6.8341709E+00,-9.0452262E+00
-166.1600E-03,-6.6834171E+00,-9.0954775E+00
-165.6800E-03,-6.8341709E+00,-9.0954775E+00
-165.2000E-03,-6.8341709E+00,-9.0452262E+00
-164.7200E-03,-6.6331659E+00,-9.0452262E+00
-164.2400E-03,-6.6331659E+00,-9.0452262E+00
-163.7600E-03,-6.6331659E+00,-9.0452262E+00
-163.2800E-03,-6.6331659E+00,-9.0452262E+00
-162.8000E-03,-6.6331659E+00,-9.0452262E+00
-162.3200E-03,-6.5829146E+00,-9.0452262E+00
-161.8400E-03,-6.4321609E+00,-9.0452262E+00
-161.3600E-03,-6.6331659E+00,-8.9949749E+00
-160.8800E-03,-6.6331659E+00,-8.8442212E+00
-160.4000E-03,-6.5829146E+00,-9.0452262E+00
-159.9200E-03,-6.4321609E+00,-9.0452262E+00
-159.4400E-03,-6.4321609E+00,-9.0452262E+00
-158.9600E-03,-6.4321609E+00,-9.0452262E+00
-158.4800E-03,-6.4321609E+00,-9.0452262E+00
-158.0000E-03,-6.4321609E+00,-9.0452262E+00
-157.5200E-03,-6.2814071E+00,-9.0452262E+00
-157.0400E-03,-6.4321609E+00,-9.0452262E+00
-156.5600E-03,-6.3819096E+00,-8.8442212E+00
-156.0800E-03,-6.2814071E+00,-8.9949749E+00
-155.6000E-03,-6.4321609E+00,-8.8442212E+00
-155.1200E-03,-6.2311558E+00,-8.8944724E+00
-154.6400E-03,-6.2311558E+00,-8.9949749E+00
-154.1600E-03,-6.0804021E+00,-8.8442212E+00
-153.6800E-03,-6.2311558E+00,-8.8442212E+00
-153.2000E-03,-6.2311558E+00,-8.6934674E+00
-152.7200E-03,-6.1809046E+00,-8.7939699E+00
-152.2400E-03,-6.2311558E+00,-8.7939699E+00
-151.7600E-03,-6.2311558E+00,-8.6432161E+00
-151.2800E-03,-6.0804021E+00,-8.6432161E+00
-150.8000E-03,-6.2311558E+00,-8.6432161E+00
-150.3200E-03,-6.0804021E+00,-8.6432161E+00
-149.8400E-03,-6.1809046E+00,-8.6432161E+00
-149.3600E-03,-6.0301508E+00,-8.5929649E+00
-148.8800E-03,-6.0804021E+00,-8.4924624E+00
-148.4000E-03,-6.0301508E+00,-8.5929649E+00
-147.9200E-03,-6.0301508E+00,-8.4422111E+00
-147.4400E-03,-6.0301508E+00,-8.4422111E+00
-146.9600E-03,-5.8291458E+00,-8.4422111E+00
-146.4800E-03,-6.0301508E+00,-8.4422111E+00
-146.0000E-03,-6.0301508E+00,-8.4422111E+00
-145.5200E-03,-5.9798995E+00,-8.4422111E+00
-145.0400E-03,-5.8793970E+00,-8.4422111E+00
-144.5600E-03,-5.8291458E+00,-8.4422111E+00
-144.0800E-03,-5.8291458E+00,-8.2412061E+00
-143.6000E-03,-5.8291458E+00,-8.2914574E+00
-143.1200E-03,-5.7788945E+00,-8.2412061E+00
-142.6400E-03,-5.8291458E+00,-8.2412061E+00
-142.1600E-03,-5.8291458E+00,-8.2412061E+00
-141.6800E-03,-5.6783920E+00,-8.2412061E+00
-141.2000E-03,-5.8291458E+00,-8.0402011E+00
-140.7200E-03,-5.8291458E+00,-8.2412061E+00
-140.2400E-03,-5.6281407E+00,-8.2412061E+00
-139.7600E-03,-5.6281407E+00,-8.1909548E+00
-139.2800E-03,-5.7788945E+00,-8.0904523E+00
-138.8000E-03,-5.6281407E+00,-8.0402011E+00
-138.3200E-03,-5.6281407E+00,-8.0402011E+00
-137.8400E-03,-5.6281407E+00,-8.0402011E+00
-137.3600E-03,-5.6281407E+00,-8.0402011E+00
-136.8800E-03,-5.6281407E+00,-8.0402011E+00
-136.4000E-03,-5.4773870E+00,-8.0402011E+00
-135.9200E-03,-5.5778895E+00,-7.8391960E+00
-135.4400E-03,-5.6281407E+00,-7.9899498E+00
-134.9600E-03,-5.4773870E+00,-7.8391960E+00
-134.4800E-03,-5.5778895E+00,-7.8391960E+00
-134.0000E-03,-5.4271357E+00,-7.8391960E+00
-133.5200E-03,-5.4271357E+00,-7.7889448E+00
-133.0400E-03,-5.4271357E+00,-7.6381910E+00
-132.5600E-03,-5.4271357E+00,-7.8391960E+00
-132.0800E-03,-5.2763820E+00,-7.7889448E+00
-131.6000E-03,-5.2261307E+00,-7.6884423E+00
-131.1200E-03,-5.3768845E+00,-7.6381910E+00
-130.6400E-03,-5.4271357E+00,-7.6381910E+00
-130.1600E-03,-5.2261307E+00,-7.6381910E+00
-129.6800E-03,-5.2763820E+00,-7.4874372E+00
-129.2000E-03,-5.3768845E+00,-7.4371860E+00
-128.7200E-03,-5.2261307E+00,-7.6381910E+00
-128.2400E-03,-5.2261307E+00,-7.4874372E+00
-127.7600E-03,-5.2261307E+00,-7.4371860E+00
-127.2800E-03,-5.0251257E+00,-7.4371860E+00
-126.8000E-03,-5.2261307E+00,-7.4371860E+00
-126.3200E-03,-5.0251257E+00,-7.4371860E+00
-125.8400E-03,-5.0251257E+00,-7.4371860E+00
-125.3600E-03,-5.0251257E+00,-7.4371860E+00
-124.8800E-03,-5.0251257E+00,-7.4371860E+00
-124.4000E-03,-4.8743719E+00,-7.4371860E+00
-123.9200E-03,-5.0251257E+00,-7.2864322E+00
-123.4400E-03,-5.0251257E+00,-7.2361810E+00
-122.9600E-03,-5.0251257E+00,-7.3869347E+00
-122.4800E-03,-5.0251257E+00,-7.2361810E+00
-122.0000E-03,-5.0251257E+00,-7.4371860E+00
-121.5200E-03,-4.9748744E+00,-7.2361810E+00
-121.0400E-03,-4.9748744E+00,-7.2361810E+00
-120.5600E-03,-4.9748744E+00,-7.2361810E+00
-120.0800E-03,-4.8241206E+00,-7.0854272E+00
-119.6000E-03,-4.8241206E+00,-7.0351759E+00
-119.1200E-03,-4.8241206E+00,-7.0854272E+00
-118.6400E-03,-4.8241206E+00,-7.0854272E+00
-118.1600E-03,-4.7738694E+00,-7.0351759E+00
-117.6800E-03,-4.7738694E+00,-7.1859297E+00
-117.2000E-03,-4.8241206E+00,-7.0351759E+00
-116.7200E-03,-4.8241206E+00,-6.8844222E+00
-116.2400E-03,-4.8241206E+00,-6.9849247E+00
-115.7600E-03,-4.6231156E+00,-6.8844222E+00
-115.2800E-03,-4.6231156E+00,-6.8844222E+00
-114.8000E-03,-4.7738694E+00,-6.8341709E+00
-114.3200E-03,-4.6231156E+00,-6.8341709E+00
-113.8400E-03,-4.6231156E+00,-6.8341709E+00
-113.3600E-03,-4.6231156E+00,-6.8341709E+00
-112.8800E-03,-4.6231156E+00,-6.8341709E+00
-112.4000E-03,-4.6231156E+00,-6.7839197E+00
-111.9200E-03,-4.6231156E+00,-6.8341709E+00
-111.4400E-03,-4.4723618E+00,-6.6834171E+00
-110.9600E-03,-4.4723618E+00,-6.6331659E+00
-110.4800E-03,-4.4221106E+00,-6.6331659E+00
-110.0000E-03,-4.5728644E+00,-6.6331659E+00
-109.5200E-03,-4.4221106E+00,-6.6331659E+00
-109.0400E-03,-4.2713568E+00,-6.6331659E+00
-108.5600E-03,-4.4221106E+00,-6.4824121E+00
-108.0800E-03,-4.4221106E+00,-6.6331659E+00
-107.6000E-03,-4.4221106E+00,-6.5829146E+00
-107.1200E-03,-4.2211056E+00,-6.4321609E+00
-106.6400E-03,-4.2211056E+00,-6.4321609E+00
-106.1600E-03,-4.2713568E+00,-6.4824121E+00
-105.6800E-03,-4.2211056E+00,-6.4321609E+00
-105.2000E-03,-4.2211056E+00,-6.4824121E+00
-104.7200E-03,-4.2211056E+00,-6.4321609E+00
-104.2400E-03,-4.4221106E+00,-6.2311558E+00
-103.7600E-03,-4.2211056E+00,-6.2814071E+00
-103.2800E-03,-4.2211056E+00,-6.4321609E+00
-102.8000E-03,-4.2211056E+00,-6.2311558E+00
-102.3200E-03,-4.2211056E+00,-6.3819096E+00
-101.8400E-03,-4.2211056E+00,-6.2311558E+00
-101.3600E-03,-4.2211056E+00,-6.2311558E+00
-100.8800E-03,-4.2211056E+00,-6.1809046E+00
-100.4000E-03,-4.0201005E+00,-6.2311558E+00
-99.9200E-03,-4.0703518E+00,-6.2311558E+00
-99.4400E-03,-4.0201005E+00,-6.2311558E+00
-98.9600E-03,-4.0201005E+00,-6.0804021E+00
-98.4800E-03,-4.0201005E+00,-6.0804021E+00
-98.0000E-03,-3.8693468E+00,-6.1809046E+00
-97.5200E-03,-4.0201005E+00,-6.0301508E+00
-97.0400E-03,-3.9698493E+00,-6.0301508E+00
-96.5600E-03,-3.8693468E+00,-6.0301508E+00
-96.0800E-03,-3.8693468E+00,-6.1809046E+00
-95.6000E-03,-3.9698493E+00,-6.0301508E+00
-95.1200E-03,-3.8190955E+00,-5.8793970E+00
-94.6400E-03,-3.8190955E+00,-5.9798995E+00
-94.1600E-03,-3.8190955E+00,-5.8291458E+00
-93.6800E-03,-3.8190955E+00,-5.8793970E+00
-93.2000E-03,-3.7688443E+00,-5.8291458E+00
-92.7200E-03,-3.8190955E+00,-5.8291458E+00
-92.2400E-03,-3.6180905E+00,-5.8291458E+00
-91.7600E-03,-3.6180905E+00,-5.8291458E+00
-91.2800E-03,-3.6180905E+00,-5.8291458E+00
-90.8000E-03,-3.6180905E+00,-5.8291458E+00
-90.3200E-03,-3.6180905E+00,-5.7788945E+00
-89.8400E-03,-3.6180905E+00,-5.6281407E+00
-89.3600E-03,-3.6180905E+00,-5.7788945E+00
-88.8800E-03,-3.6180905E+00,-5.6281407E+00
-88.4000E-03,-3.5678392E+00,-5.6281407E+00
-87.9200E-03,-3.4673367E+00,-5.6281407E+00
-87.4400E-03,-3.6180905E+00,-5.4773870E+00
-86.9600E-03,-3.6180905E+00,-5.6281407E+00
-86.4800E-03,-3.4170855E+00,-5.6281407E+00
-86.0000E-03,-3.5678392E+00,-5.4773870E+00
-85.5200E-03,-3.4170855E+00,-5.4271357E+00
-85.0400E-03,-3.4170855E+00,-5.4271357E+00
-84.5600E-03,-3.4170855E+00,-5.4271357E+00
-84.0800E-03,-3.4170855E+00,-5.4271357E+00
-83.6000E-03,-3.4170855E+00,-5.4271357E+00
-83.1200E-03,-3.2663317E+00,-5.4271357E+00
-82.6400E-03,-3.3668342E+00,-5.2763820E+00
-82.1600E-03,-3.3668342E+00,-5.3768845E+00
-81.6800E-03,-3.4170855E+00,-5.2261307E+00
-81.2000E-03,-3.2663317E+00,-5.2261307E+00
-80.7200E-03,-3.2663317E+00,-5.2261307E+00
-80.2400E-03,-3.2160804E+00,-5.2261307E+00
-79.7600E-03,-3.2160804E+00,-5.2261307E+00
-79.2800E-03,-3.2160804E+00,-5.2261307E+00
-78.8000E-03,-3.2160804E+00,-5.2261307E+00
-78.3200E-03,-3.2160804E+00,-5.0753769E+00
-77.8400E-03,-3.1658292E+00,-5.1758794E+00
-77.3600E-03,-3.2160804E+00,-5.0251257E+00
-76.8800E-03,-3.0150754E+00,-5.0251257E+00
-76.4000E-03,-3.1658292E+00,-5.0251257E+00
-75.9200E-03,-3.1658292E+00,-5.0251257E+00
-75.4400E-03,-3.0653267E+00,-5.0251257E+00
-74.9600E-03,-3.0150754E+00,-5.0251257E+00
-74.4800E-03,-3.0150754E+00,-5.0251257E+00
-74.0000E-03,-3.0150754E+00,-4.8743719E+00
-73.5200E-03,-3.0150754E+00,-4.8241206E+00
-73.0400E-03,-3.0150754E+00,-4.8241206E+00
-72.5600E-03,-2.9648241E+00,-4.8241206E+00
-72.0800E-03,-2.8643216E+00,-4.6733669E+00
-71.6000E-03,-2.8643216E+00,-4.8241206E+00
-71.1200E-03,-2.8140704E+00,-4.8241206E+00
-70.6400E-03,-2.8140704E+00,-4.8241206E+00
-70.1600E-03,-2.8140704E+00,-4.8241206E+00
-69.6800E-03,-2.8643216E+00,-4.8241206E+00
-69.2000E-03,-2.8140704E+00,-4.6231156E+00
-68.7200E-03,-2.8140704E+00,-4.6733669E+00
-68.2400E-03,-2.6633166E+00,-4.6231156E+00
-67.7600E-03,-2.6633166E+00,-4.6231156E+00
-67.2800E-03,-2.8140704E+00,-4.6231156E+00
-66.8000E-03,-2.6633166E+00,-4.6231156E+00
-66.3200E-03,-2.6130653E+00,-4.6231156E+00
-65.8400E-03,-2.6130653E+00,-4.4221106E+00
-65.3600E-03,-2.6130653E+00,-4.5728644E+00
-64.8800E-03,-2.6633166E+00,-4.4221106E+00
-64.4000E-03,-2.7638191E+00,-4.5728644E+00
-63.9200E-03,-2.4623116E+00,-4.4221106E+00
-63.4400E-03,-2.6130653E+00,-4.4221106E+00
-62.9600E-03,-2.4623116E+00,-4.4221106E+00
-62.4800E-03,-2.4120603E+00,-4.4221106E+00
-62.0000E-03,-2.4120603E+00,-4.4221106E+00
-61.5200E-03,-2.5628141E+00,-4.2211056E+00
-61.0400E-03,-2.4120603E+00,-4.3718593E+00
-60.5600E-03,-2.4120603E+00,-4.2211056E+00
-60.0800E-03,-2.4120603E+00,-4.2211056E+00
-59.6000E-03,-2.4120603E+00,-4.2211056E+00
-59.1200E-03,-2.4120603E+00,-4.2211056E+00
-58.6400E-03,-2.4120603E+00,-4.2211056E+00
-58.1600E-03,-2.3618091E+00,-4.0703518E+00
-57.6800E-03,-2.2613066E+00,-4.2211056E+00
-57.2000E-03,-2.2110553E+00,-4.1708543E+00
-56.7200E-03,-2.4120603E+00,-4.0201005E+00
-56.2400E-03,-2.4120603E+00,-4.0201005E+00
-55.7600E-03,-2.3618091E+00,-4.0703518E+00
-55.2800E-03,-2.3618091E+00,-4.0201005E+00
-54.8000E-03,-2.2110553E+00,-4.0201005E+00
-54.3200E-03,-2.2110553E+00,-3.8693468E+00
-53.8400E-03,-2.2110553E+00,-4.0201005E+00
-53.3600E-03,-2.0603015E+00,-3.8190955E+00
-52.8800E-03,-2.0100503E+00,-3.8190955E+00
-52.4000E-03,-2.2110553E+00,-3.9698493E+00
-51.9200E-03,-2.1608040E+00,-3.9698493E+00
-51.4400E-03,-2.0100503E+00,-3.8190955E+00
-50.9600E-03,-2.1608040E+00,-3.8190955E+00
-50.4800E-03,-2.0603015E+00,-3.8190955E+00
-50.0000E-03,-2.0100503E+00,-3.8190955E+00
-49.5200E-03,-2.0100503E+00,-3.6683417E+00
-49.0400E-03,-2.0100503E+00,-3.6180905E+00
-48.5600E-03,-2.0100503E+00,-3.8190955E+00
-48.0800E-03,-1.9597990E+00,-3.7688443E+00
-47.6000E-03,-2.0100503E+00,-3.6180905E+00
-47.1200E-03,-1.8090452E+00,-3.6180905E+00
-46.6400E-03,-1.8592965E+00,-3.6180905E+00
-46.1600E-03,-1.8090452E+00,-3.6180905E+00
-45.6800E-03,-1.8090452E+00,-3.6180905E+00
-45.2000E-03,-1.8090452E+00,-3.6180905E+00
-44.7200E-03,-1.8592965E+00,-3.4673367E+00
-44.2400E-03,-1.8090452E+00,-3.4673367E+00
-43.7600E-03,-1.7587940E+00,-3.4170855E+00
-43.2800E-03,-1.8090452E+00,-3.4673367E+00
-42.8000E-03,-1.8090452E+00,-3.4170855E+00
-42.3200E-03,-1.8090452E+00,-3.4170855E+00
-41.8400E-03,-1.6080402E+00,-3.4170855E+00
-41.3600E-03,-1.6080402E+00,-3.2160804E+00
-40.8800E-03,-1.6080402E+00,-3.2663317E+00
-40.4000E-03,-1.6080402E+00,-3.3668342E+00
-39.9200E-03,-1.6080402E+00,-3.2663317E+00
-39.4400E-03,-1.6080402E+00,-3.2160804E+00
-38.9600E-03,-1.6080402E+00,-3.2160804E+00
-38.4800E-03,-1.6080402E+00,-3.2160804E+00
-38.0000E-03,-1.6080402E+00,-3.2160804E+00
-37.5200E-03,-1.4572864E+00,-3.2160804E+00
-37.0400E-03,-1.6080402E+00,-3.2160804E+00
-36.5600E-03,-1.4070352E+00,-3.1658292E+00
-36.0800E-03,-1.4070352E+00,-3.0653267E+00
-35.6000E-03,-1.4070352E+00,-3.1658292E+00
-35.1200E-03,-1.5577890E+00,-3.0653267E+00
-34.6400E-03,-1.4070352E+00,-2.8643216E+00
-34.1600E-03,-1.4070352E+00,-3.0150754E+00
-33.6800E-03,-1.3567839E+00,-3.0150754E+00
-33.2000E-03,-1.2060302E+00,-3.0150754E+00
-32.7200E-03,-1.4070352E+00,-2.8140704E+00
-32.2400E-03,-1.2562814E+00,-2.8140704E+00
-31.7600E-03,-1.4070352E+00,-2.8140704E+00
-31.2800E-03,-1.2060302E+00,-2.8140704E+00
-30.8000E-03,-1.2562814E+00,-2.8140704E+00
-30.3200E-03,-1.3567839E+00,-2.9648241E+00
-29.8400E-03,-1.2060302E+00,-2.8140704E+00
-29.3600E-03,-1.2060302E+00,-2.8140704E+00
-28.8800E-03,-1.2562814E+00,-2.7638191E+00
-28.4000E-03,-1.1557789E+00,-2.8140704E+00
-27.9200E-03,-1.2060302E+00,-2.6130653E+00
-27.4400E-03,-1.1557789E+00,-2.6130653E+00
-26.9600E-03,-1.0552764E+00,-2.6130653E+00
-26.4800E-03,-1.2060302E+00,-2.6130653E+00
-26.0000E-03,-1.0552764E+00,-2.6130653E+00
-25.5200E-03,-1.0050251E+00,-2.5628141E+00
-25.0400E-03,-1.0050251E+00,-2.5628141E+00
-24.5600E-03,-1.1557789E+00,-2.6130653E+00
-24.0800E-03,-1.0050251E+00,-2.4120603E+00
-23.6000E-03,-1.0050251E+00,-2.4120603E+00
-23.1200E-03,-1.0050251E+00,-2.4120603E+00
-22.6400E-03,-954.7739E-03,-2.2613066E+00
-22.1600E-03,-854.2714E-03,-2.3618091E+00
-21.6800E-03,-854.2714E-03,-2.2110553E+00
-21.2000E-03,-804.0201E-03,-2.2110553E+00
-20.7200E-03,-804.0201E-03,-2.2110553E+00
-20.2400E-03,-854.2714E-03,-2.2110553E+00
-19.7600E-03,-804.0201E-03,-2.0603015E+00
-19.2800E-03,-804.0201E-03,-2.0100503E+00
-18.8000E-03,-804.0201E-03,-2.0100503E+00
-18.3200E-03,-653.2663E-03,-2.2110553E+00
-17.8400E-03,-804.0201E-03,-1.9597990E+00
-17.3600E-03,-804.0201E-03,-1.9597990E+00
-16.8800E-03,-753.7689E-03,-1.9597990E+00
-16.4000E-03,-753.7689E-03,-2.0100503E+00
-15.9200E-03,-603.0151E-03,-1.8090452E+00
-15.4400E-03,-653.2663E-03,-1.8090452E+00
-14.9600E-03,-603.0151E-03,-1.8090452E+00
-14.4800E-03,-603.0151E-03,-1.7587940E+00
-14.0000E-03,-603.0151E-03,-1.6582915E+00
-13.5200E-03,-552.7638E-03,-1.8090452E+00
-13.0400E-03,-452.2613E-03,-1.8090452E+00
-12.5600E-03,-452.2613E-03,-1.6080402E+00
-12.0800E-03,-452.2613E-03,-1.6080402E+00
-11.6000E-03,-552.7638E-03,-1.6080402E+00
-11.1200E-03,-452.2613E-03,-1.4572864E+00
-10.6400E-03,-402.0101E-03,-1.6080402E+00
-10.1600E-03,-402.0101E-03,-1.4070352E+00
-9.6800E-03,-402.0101E-03,-1.4070352E+00
-9.2000E-03,-402.0101E-03,-1.3567839E+00
-8.7200E-03,-402.0101E-03,-1.2060302E+00
-8.2400E-03,-402.0101E-03,-1.0050251E+00
-7.7600E-03,-402.0101E-03,-1.0050251E+00
-7.2800E-03,-251.2563E-03,-804.0201E-03
-6.8000E-03,-351.7588E-03,-804.0201E-03
-6.3200E-03,-201.0050E-03,-753.7689E-03
-5.8400E-03,-201.0050E-03,-603.0151E-03
-5.3600E-03,-201.0050E-03,-452.2613E-03
-4.8800E-03,-201.0050E-03,-552.7638E-03
-4.4000E-03,-201.0050E-03,-402.0101E-03
-3.9200E-03,-201.0050E-03,-351.7588E-03
-3.4400E-03,+0.0E+00,-150.7538E-03
-2.9600E-03,-201.0050E-03,-150.7538E-03
-2.4800E-03,-150.7538E-03,+0.0E+00
-2.0000E-03,-150.7538E-03,+50.2513E-03
-1.5200E-03,+0.0E+00,+201.0050E-03
-1.0400E-03,-50.2513E-03,+201.0050E-03
-560.0E-06,+0.0E+00,+402.0101E-03
-80.0E-06,+0.0E+00,+402.0101E-03
+400.0E-06,+201.0050E-03,+552.7638E-03
+880.0E-06,+201.0050E-03,+552.7638E-03
+1.3600E-03,+150.7538E-03,+603.0151E-03
+1.8400E-03,+150.7538E-03,+804.0201E-03
+2.3200E-03,+201.0050E-03,+854.2714E-03
+2.8000E-03,+201.0050E-03,+1.0050251E+00
+3.2800E-03,+201.0050E-03,+1.0050251E+00
+3.7600E-03,+201.0050E-03,+1.1557789E+00
+4.2400E-03,+251.2563E-03,+1.2060302E+00
+4.7200E-03,+201.0050E-03,+1.2060302E+00
+5.2000E-03,+251.2563E-03,+1.4070352E+00
+5.6800E-03,+201.0050E-03,+1.4070352E+00
+6.1600E-03,+251.2563E-03,+1.4070352E+00
+6.6400E-03,+452.2613E-03,+1.4572864E+00
+7.1200E-03,+402.0101E-03,+1.4572864E+00
+7.6000E-03,+402.0101E-03,+1.6080402E+00
+8.0800E-03,+402.0101E-03,+1.6080402E+00
+8.5600E-03,+402.0101E-03,+1.6582915E+00
+9.0400E-03,+402.0101E-03,+1.6582915E+00
+9.5200E-03,+402.0101E-03,+1.8090452E+00
+10.0000E-03,+552.7638E-03,+1.6582915E+00
+10.4800E-03,+603.0151E-03,+1.8090452E+00
+10.9600E-03,+552.7638E-03,+1.8090452E+00
+11.4400E-03,+603.0151E-03,+1.8090452E+00
+11.9200E-03,+603.0151E-03,+1.8090452E+00
+12.4000E-03,+603.0151E-03,+1.9597990E+00
+12.8800E-03,+603.0151E-03,+2.0100503E+00
+13.3600E-03,+603.0151E-03,+2.0100503E+00
+13.8400E-03,+603.0151E-03,+2.0100503E+00
+14.3200E-03,+804.0201E-03,+2.0100503E+00
+14.8000E-03,+804.0201E-03,+2.0603015E+00
+15.2800E-03,+804.0201E-03,+2.2110553E+00
+15.7600E-03,+804.0201E-03,+2.2110553E+00
+16.2400E-03,+804.0201E-03,+2.2110553E+00
+16.7200E-03,+653.2663E-03,+2.2110553E+00
+17.2000E-03,+804.0201E-03,+2.2110553E+00
+17.6800E-03,+804.0201E-03,+2.2110553E+00
+18.1600E-03,+954.7739E-03,+2.4120603E+00
+18.6400E-03,+854.2714E-03,+2.4120603E+00
+19.1200E-03,+804.0201E-03,+2.4120603E+00
+19.6000E-03,+854.2714E-03,+2.4120603E+00
+20.0800E-03,+854.2714E-03,+2.4120603E+00
+20.5600E-03,+854.2714E-03,+2.4120603E+00
+21.0400E-03,+1.0050251E+00,+2.4120603E+00
+21.5200E-03,+1.0050251E+00,+2.5628141E+00
+22.0000E-03,+1.0050251E+00,+2.5628141E+00
+22.4800E-03,+1.0050251E+00,+2.6130653E+00
+22.9600E-03,+1.0050251E+00,+2.6130653E+00
+23.4400E-03,+1.0050251E+00,+2.6130653E+00
+23.9200E-03,+1.0050251E+00,+2.7638191E+00
+24.4000E-03,+1.0050251E+00,+2.7638191E+00
+24.8800E-03,+1.1557789E+00,+2.7638191E+00
+25.3600E-03,+1.0050251E+00,+2.8140704E+00
+25.8400E-03,+1.1557789E+00,+2.8140704E+00
+26.3200E-03,+1.0552764E+00,+2.8140704E+00
+26.8000E-03,+1.0050251E+00,+2.8140704E+00
+27.2800E-03,+1.2060302E+00,+2.9648241E+00
+27.7600E-03,+1.2060302E+00,+2.8140704E+00
+28.2400E-03,+1.2562814E+00,+2.8140704E+00
+28.7200E-03,+1.2060302E+00,+2.8140704E+00
+29.2000E-03,+1.2060302E+00,+2.9648241E+00
+29.6800E-03,+1.2562814E+00,+2.8643216E+00
+30.1600E-03,+1.2562814E+00,+2.9648241E+00
+30.6400E-03,+1.2562814E+00,+3.0150754E+00
+31.1200E-03,+1.4070352E+00,+3.1658292E+00
+31.6000E-03,+1.4070352E+00,+3.0653267E+00
+32.0800E-03,+1.4070352E+00,+3.2160804E+00
+32.5600E-03,+1.4070352E+00,+3.0653267E+00
+33.0400E-03,+1.4070352E+00,+3.0150754E+00
+33.5200E-03,+1.4070352E+00,+3.2160804E+00
+34.0000E-03,+1.4070352E+00,+3.2160804E+00
+34.4800E-03,+1.4572864E+00,+3.2160804E+00
+34.9600E-03,+1.4070352E+00,+3.2160804E+00
+35.4400E-03,+1.4572864E+00,+3.2160804E+00
+35.9200E-03,+1.4572864E+00,+3.2160804E+00
+36.4000E-03,+1.6080402E+00,+3.3668342E+00
+36.8800E-03,+1.6080402E+00,+3.2663317E+00
+37.3600E-03,+1.6080402E+00,+3.3668342E+00
+37.8400E-03,+1.6080402E+00,+3.4170855E+00
+38.3200E-03,+1.6080402E+00,+3.3668342E+00
+38.8000E-03,+1.6582915E+00,+3.4170855E+00
+39.2800E-03,+1.6080402E+00,+3.4170855E+00
+39.7600E-03,+1.8090452E+00,+3.3165829E+00
+40.2400E-03,+1.8090452E+00,+3.4170855E+00
+40.7200E-03,+1.8090452E+00,+3.4170855E+00
+41.2000E-03,+1.8090452E+00,+3.3668342E+00
+41.6800E-03,+1.7587940E+00,+3.5678392E+00
+42.1600E-03,+1.8090452E+00,+3.6180905E+00
+42.6400E-03,+1.8090452E+00,+3.5678392E+00
+43.1200E-03,+1.8090452E+00,+3.6180905E+00
+43.6000E-03,+1.8090452E+00,+3.6180905E+00
+44.0800E-03,+1.9597990E+00,+3.6180905E+00
+44.5600E-03,+1.8592965E+00,+3.6683417E+00
+45.0400E-03,+1.8090452E+00,+3.6180905E+00
+45.5200E-03,+2.0100503E+00,+3.8190955E+00
+46.0000E-03,+1.8592965E+00,+3.6683417E+00
+46.4800E-03,+2.0100503E+00,+3.8190955E+00
+46.9600E-03,+2.0100503E+00,+3.8190955E+00
+47.4400E-03,+2.0100503E+00,+3.8190955E+00
+47.9200E-03,+2.0100503E+00,+3.8190955E+00
+48.4000E-03,+2.0100503E+00,+3.8190955E+00
+48.8800E-03,+2.0100503E+00,+3.8693468E+00
+49.3600E-03,+2.1608040E+00,+3.9698493E+00
+49.8400E-03,+2.2110553E+00,+3.8190955E+00
+50.3200E-03,+2.1608040E+00,+4.0201005E+00
+50.8000E-03,+2.0603015E+00,+4.0201005E+00
+51.2800E-03,+2.2110553E+00,+3.9698493E+00
+51.7600E-03,+2.2110553E+00,+4.0201005E+00
+52.2400E-03,+2.2110553E+00,+4.0703518E+00
+52.7200E-03,+2.2110553E+00,+4.0201005E+00
+53.2000E-03,+2.2110553E+00,+4.0201005E+00
+53.6800E-03,+2.2110553E+00,+4.2211056E+00
+54.1600E-03,+2.4120603E+00,+4.0201005E+00
+54.6400E-03,+2.3618091E+00,+4.0703518E+00
+55.1200E-03,+2.4120603E+00,+4.2211056E+00
+55.6000E-03,+2.4120603E+00,+4.2211056E+00
+56.0800E-03,+2.4120603E+00,+4.2211056E+00
+56.5600E-03,+2.4120603E+00,+4.2211056E+00
+57.0400E-03,+2.2613066E+00,+4.2211056E+00
+57.5200E-03,+2.4120603E+00,+4.2211056E+00
+58.0000E-03,+2.4120603E+00,+4.3718593E+00
+58.4800E-03,+2.4120603E+00,+4.4221106E+00
+58.9600E-03,+2.4120603E+00,+4.2211056E+00
+59.4400E-03,+2.4623116E+00,+4.4221106E+00
+59.9200E-03,+2.5628141E+00,+4.2713568E+00
+60.4000E-03,+2.6130653E+00,+4.4221106E+00
+60.8800E-03,+2.5628141E+00,+4.4221106E+00
+61.3600E-03,+2.4623116E+00,+4.4221106E+00
+61.8400E-03,+2.6130653E+00,+4.4221106E+00
+62.3200E-03,+2.4623116E+00,+4.6231156E+00
+62.8000E-03,+2.6130653E+00,+4.6231156E+00
+63.2800E-03,+2.6130653E+00,+4.4723618E+00
+63.7600E-03,+2.6130653E+00,+4.6231156E+00
+64.2400E-03,+2.6130653E+00,+4.6231156E+00
+64.7200E-03,+2.8140704E+00,+4.6231156E+00
+65.2000E-03,+2.8140704E+00,+4.6231156E+00
+65.6800E-03,+2.6130653E+00,+4.6231156E+00
+66.1600E-03,+2.6633166E+00,+4.6733669E+00
+66.6400E-03,+2.8140704E+00,+4.6733669E+00
+67.1200E-03,+2.8140704E+00,+4.8241206E+00
+67.6000E-03,+2.8140704E+00,+4.7738694E+00
+68.0800E-03,+2.8140704E+00,+4.8241206E+00
+68.5600E-03,+3.0150754E+00,+4.8241206E+00
+69.0400E-03,+2.8643216E+00,+4.8241206E+00
+69.5200E-03,+2.8643216E+00,+4.8241206E+00
+70.0000E-03,+2.8140704E+00,+5.0251257E+00
+70.4800E-03,+3.0150754E+00,+5.0251257E+00
+70.9600E-03,+3.0653267E+00,+5.0251257E+00
+71.4400E-03,+2.8140704E+00,+5.0251257E+00
+71.9200E-03,+3.0150754E+00,+4.8743719E+00
+72.4000E-03,+3.0150754E+00,+5.0251257E+00
+72.8800E-03,+3.0150754E+00,+5.0251257E+00
+73.3600E-03,+3.1658292E+00,+5.0251257E+00
+73.8400E-03,+3.1658292E+00,+5.0753769E+00
+74.3200E-03,+3.1658292E+00,+5.0251257E+00
+74.8000E-03,+3.2160804E+00,+5.0753769E+00
+75.2800E-03,+3.1658292E+00,+5.2261307E+00
+75.7600E-03,+3.0653267E+00,+5.1758794E+00
+76.2400E-03,+3.2160804E+00,+5.1758794E+00
+76.7200E-03,+3.2160804E+00,+5.2261307E+00
+77.2000E-03,+3.2160804E+00,+5.3768845E+00
+77.6800E-03,+3.2160804E+00,+5.2261307E+00
+78.1600E-03,+3.2160804E+00,+5.2763820E+00
+78.6400E-03,+3.2160804E+00,+5.3768845E+00
+79.1200E-03,+3.2160804E+00,+5.3768845E+00
+79.6000E-03,+3.2160804E+00,+5.4271357E+00
+80.0800E-03,+3.3668342E+00,+5.4271357E+00
+80.5600E-03,+3.4170855E+00,+5.3768845E+00
+81.0400E-03,+3.4170855E+00,+5.5778895E+00
+81.5200E-03,+3.4170855E+00,+5.4271357E+00
+82.0000E-03,+3.4170855E+00,+5.5778895E+00
+82.4800E-03,+3.4170855E+00,+5.5778895E+00
+82.9600E-03,+3.4170855E+00,+5.4271357E+00
+83.4400E-03,+3.4170855E+00,+5.6281407E+00
+83.9200E-03,+3.4673367E+00,+5.6281407E+00
+84.4000E-03,+3.4673367E+00,+5.6281407E+00
+84.8800E-03,+3.5678392E+00,+5.6281407E+00
+85.3600E-03,+3.5678392E+00,+5.6281407E+00
+85.8400E-03,+3.6180905E+00,+5.6281407E+00
+86.3200E-03,+3.6180905E+00,+5.6281407E+00
+86.8000E-03,+3.6180905E+00,+5.8291458E+00
+87.2800E-03,+3.6180905E+00,+5.6281407E+00
+87.7600E-03,+3.6180905E+00,+5.8291458E+00
+88.2400E-03,+3.6180905E+00,+5.8291458E+00
+88.7200E-03,+3.7688443E+00,+5.8291458E+00
+89.2000E-03,+3.8190955E+00,+5.8291458E+00
+89.6800E-03,+3.6683417E+00,+5.8291458E+00
+90.1600E-03,+3.7688443E+00,+5.8291458E+00
+90.6400E-03,+3.8190955E+00,+5.9798995E+00
+91.1200E-03,+3.8190955E+00,+5.8291458E+00
+91.6000E-03,+3.8190955E+00,+6.0301508E+00
+92.0800E-03,+3.8190955E+00,+5.8793970E+00
+92.5600E-03,+3.8190955E+00,+6.0301508E+00
+93.0400E-03,+3.9698493E+00,+6.0301508E+00
+93.5200E-03,+3.8693468E+00,+6.0804021E+00
+94.0000E-03,+3.8693468E+00,+6.1809046E+00
+94.4800E-03,+3.8693468E+00,+6.0301508E+00
+94.9600E-03,+4.0201005E+00,+6.0301508E+00
+95.4400E-03,+4.0201005E+00,+6.1809046E+00
+95.9200E-03,+3.8693468E+00,+6.2311558E+00
+96.4000E-03,+4.0201005E+00,+6.2311558E+00
+96.8800E-03,+4.0703518E+00,+6.1809046E+00
+97.3600E-03,+4.0201005E+00,+6.2311558E+00
+97.8400E-03,+4.0703518E+00,+6.2311558E+00
+98.3200E-03,+4.0201005E+00,+6.2311558E+00
+98.8000E-03,+4.0201005E+00,+6.2311558E+00
+99.2800E-03,+4.1708543E+00,+6.3819096E+00
+99.7600E-03,+4.2211056E+00,+6.2311558E+00
+100.2400E-03,+4.2211056E+00,+6.3819096E+00
+100.7200E-03,+4.2211056E+00,+6.4321609E+00
+101.2000E-03,+4.2211056E+00,+6.4321609E+00
+101.6800E-03,+4.2211056E+00,+6.4321609E+00
+102.1600E-03,+4.3718593E+00,+6.4321609E+00
+102.6400E-03,+4.2713568E+00,+6.4321609E+00
+103.1200E-03,+4.2211056E+00,+6.6331659E+00
+103.6000E-03,+4.2713568E+00,+6.5829146E+00
+104.0800E-03,+4.2713568E+00,+6.4824121E+00
+104.5600E-03,+4.2713568E+00,+6.6331659E+00
+105.0400E-03,+4.2211056E+00,+6.5829146E+00
+105.5200E-03,+4.4221106E+00,+6.6331659E+00
+106.0000E-03,+4.4221106E+00,+6.6331659E+00
+106.4800E-03,+4.4221106E+00,+6.6331659E+00
+106.9600E-03,+4.4221106E+00,+6.6331659E+00
+107.4400E-03,+4.4221106E+00,+6.6834171E+00
+107.9200E-03,+4.4221106E+00,+6.7839197E+00
+108.4000E-03,+4.4221106E+00,+6.6331659E+00
+108.8800E-03,+4.4723618E+00,+6.6834171E+00
+109.3600E-03,+4.5728644E+00,+6.6834171E+00
+109.8400E-03,+4.4221106E+00,+6.8341709E+00
+110.3200E-03,+4.4723618E+00,+6.8341709E+00
+110.8000E-03,+4.6231156E+00,+6.8341709E+00
+111.2800E-03,+4.7738694E+00,+6.8341709E+00
+111.7600E-03,+4.6231156E+00,+6.8341709E+00
+112.2400E-03,+4.6231156E+00,+6.8341709E+00
+112.7200E-03,+4.7738694E+00,+6.8844222E+00
+113.2000E-03,+4.6231156E+00,+6.8844222E+00
+113.6800E-03,+4.7738694E+00,+7.0351759E+00
+114.1600E-03,+4.6733669E+00,+6.9849247E+00
+114.6400E-03,+4.7236181E+00,+7.0351759E+00
+115.1200E-03,+4.6733669E+00,+7.0351759E+00
+115.6000E-03,+4.8241206E+00,+7.0351759E+00
+116.0800E-03,+4.8241206E+00,+7.0351759E+00
+116.5600E-03,+4.8241206E+00,+7.1859297E+00
+117.0400E-03,+4.8743719E+00,+7.2361810E+00
+117.5200E-03,+4.8241206E+00,+7.0854272E+00
+118.0000E-03,+4.8241206E+00,+7.1859297E+00
+118.4800E-03,+4.9748744E+00,+7.2361810E+00
+118.9600E-03,+4.8743719E+00,+7.2361810E+00
+119.4400E-03,+4.8241206E+00,+7.3869347E+00
+119.9200E-03,+5.0251257E+00,+7.2864322E+00
+120.4000E-03,+5.0251257E+00,+7.4371860E+00
+120.8800E-03,+5.0251257E+00,+7.3869347E+00
+121.3600E-03,+5.0753769E+00,+7.4371860E+00
+121.8400E-03,+5.0251257E+00,+7.4371860E+00
+122.3200E-03,+5.0251257E+00,+7.4371860E+00
+122.8000E-03,+5.0251257E+00,+7.4371860E+00
+123.2800E-03,+5.0251257E+00,+7.4371860E+00
+123.7600E-03,+5.0753769E+00,+7.4371860E+00
+124.2400E-03,+5.0251257E+00,+7.4371860E+00
+124.7200E-03,+5.2261307E+00,+7.4874372E+00
+125.2000E-03,+5.2261307E+00,+7.6381910E+00
+125.6800E-03,+5.2261307E+00,+7.6381910E+00
+126.1600E-03,+5.2261307E+00,+7.4874372E+00
+126.6400E-03,+5.2261307E+00,+7.6381910E+00
+127.1200E-03,+5.2261307E+00,+7.6381910E+00
+127.6000E-03,+5.2261307E+00,+7.6884423E+00
+128.0800E-03,+5.2261307E+00,+7.6381910E+00
+128.5600E-03,+5.4271357E+00,+7.6381910E+00
+129.0400E-03,+5.3768845E+00,+7.6381910E+00
+129.5200E-03,+5.4271357E+00,+7.6884423E+00
+130.0000E-03,+5.4271357E+00,+7.8391960E+00
+130.4800E-03,+5.4271357E+00,+7.7889448E+00
+130.9600E-03,+5.2763820E+00,+7.8391960E+00
+131.4400E-03,+5.4271357E+00,+7.8391960E+00
+131.9200E-03,+5.4271357E+00,+7.8391960E+00
+132.4000E-03,+5.6281407E+00,+7.8894473E+00
+132.8800E-03,+5.4271357E+00,+8.0402011E+00
+133.3600E-03,+5.4773870E+00,+8.0402011E+00
+133.8400E-03,+5.6281407E+00,+7.8894473E+00
+134.3200E-03,+5.5778895E+00,+8.0402011E+00
+134.8000E-03,+5.6281407E+00,+8.0402011E+00
+135.2800E-03,+5.6281407E+00,+8.0402011E+00
+135.7600E-03,+5.6281407E+00,+8.0402011E+00
+136.2400E-03,+5.6281407E+00,+8.0402011E+00
+136.7200E-03,+5.6281407E+00,+8.0402011E+00
+137.2000E-03,+5.6281407E+00,+8.1909548E+00
+137.6800E-03,+5.6281407E+00,+8.1909548E+00
+138.1600E-03,+5.6783920E+00,+8.2412061E+00
+138.6400E-03,+5.6281407E+00,+8.2412061E+00
+139.1200E-03,+5.8291458E+00,+8.2412061E+00
+139.6000E-03,+5.7788945E+00,+8.2412061E+00
+140.0800E-03,+5.8291458E+00,+8.2412061E+00
+140.5600E-03,+5.7788945E+00,+8.2412061E+00
+141.0400E-03,+5.8291458E+00,+8.3919599E+00
+141.5200E-03,+5.7788945E+00,+8.2412061E+00
+142.0000E-03,+5.8291458E+00,+8.2914574E+00
+142.4800E-03,+5.7788945E+00,+8.2412061E+00
+142.9600E-03,+5.8793970E+00,+8.2914574E+00
+143.4400E-03,+5.8793970E+00,+8.4422111E+00
+143.9200E-03,+5.8291458E+00,+8.4422111E+00
+144.4000E-03,+5.9798995E+00,+8.4422111E+00
+144.8800E-03,+6.0301508E+00,+8.4422111E+00
+145.3600E-03,+6.0301508E+00,+8.4422111E+00
+145.8400E-03,+6.0301508E+00,+8.4422111E+00
+146.3200E-03,+6.0301508E+00,+8.4422111E+00
+146.8000E-03,+6.0301508E+00,+8.4924624E+00
+147.2800E-03,+6.0804021E+00,+8.5929649E+00
+147.7600E-03,+6.1809046E+00,+8.6432161E+00
+148.2400E-03,+6.0301508E+00,+8.6432161E+00
+148.7200E-03,+6.0301508E+00,+8.5929649E+00
+149.2000E-03,+6.2311558E+00,+8.6432161E+00
+149.6800E-03,+6.2311558E+00,+8.6432161E+00
+150.1600E-03,+6.2311558E+00,+8.6432161E+00
+150.6400E-03,+6.1809046E+00,+8.6934674E+00
+151.1200E-03,+6.2311558E+00,+8.7939699E+00
+151.6000E-03,+6.3819096E+00,+8.8442212E+00
+152.0800E-03,+6.2311558E+00,+8.8442212E+00
+152.5600E-03,+6.3819096E+00,+8.8442212E+00
+153.0400E-03,+6.4321609E+00,+8.8442212E+00
+153.5200E-03,+6.2814071E+00,+8.8442212E+00
+154.0000E-03,+6.4321609E+00,+8.8442212E+00
+154.4800E-03,+6.4321609E+00,+8.8442212E+00
+154.9600E-03,+6.3819096E+00,+8.9949749E+00
+155.4400E-03,+6.3819096E+00,+8.8442212E+00
+155.9200E-03,+6.4321609E+00,+9.0452262E+00
+156.4000E-03,+6.4321609E+00,+8.8442212E+00
+156.8800E-03,+6.4321609E+00,+8.8944724E+00
+157.3600E-03,+6.4824121E+00,+9.0452262E+00
+157.8400E-03,+6.4824121E+00,+8.9949749E+00
+158.3200E-03,+6.4321609E+00,+9.0452262E+00
+158.8000E-03,+6.5829146E+00,+9.0452262E+00
+159.2800E-03,+6.4824121E+00,+9.0954775E+00
+159.7600E-03,+6.6331659E+00,+9.0452262E+00
+160.2400E-03,+6.6331659E+00,+9.0452262E+00
+160.7200E-03,+6.6331659E+00,+9.0954775E+00
+161.2000E-03,+6.5829146E+00,+9.1959800E+00
+161.6800E-03,+6.6331659E+00,+9.2462312E+00
+162.1600E-03,+6.6331659E+00,+9.0954775E+00
+162.6400E-03,+6.7839197E+00,+9.2462312E+00
+163.1200E-03,+6.8341709E+00,+9.2462312E+00
+163.6000E-03,+6.6331659E+00,+9.2462312E+00
+164.0800E-03,+6.6331659E+00,+9.2964825E+00
+164.5600E-03,+6.8341709E+00,+9.3969850E+00
+165.0400E-03,+6.8341709E+00,+9.2964825E+00
+165.5200E-03,+6.8341709E+00,+9.4472363E+00
+166.0000E-03,+6.8341709E+00,+9.4472363E+00
+166.4800E-03,+6.8341709E+00,+9.4472363E+00
+166.9600E-03,+6.8844222E+00,+9.4472363E+00
+167.4400E-03,+6.9849247E+00,+9.4472363E+00
+167.9200E-03,+6.9849247E+00,+9.4472363E+00
+168.4000E-03,+6.9849247E+00,+9.4472363E+00
+168.8800E-03,+6.8844222E+00,+9.5979900E+00
+169.3600E-03,+6.8844222E+00,+9.4472363E+00
+169.8400E-03,+7.0351759E+00,+9.4974875E+00
+170.3200E-03,+6.9849247E+00,+9.6482413E+00
+170.8000E-03,+7.0351759E+00,+9.6482413E+00
+171.2800E-03,+7.0351759E+00,+9.6482413E+00
+171.7600E-03,+7.0351759E+00,+9.6482413E+00
+172.2400E-03,+7.0351759E+00,+9.6482413E+00
+172.7200E-03,+7.0854272E+00,+9.6482413E+00
+173.2000E-03,+7.0351759E+00,+9.6482413E+00
+173.6800E-03,+7.1859297E+00,+9.8492463E+00
+174.1600E-03,+7.0351759E+00,+9.7989951E+00
+174.6400E-03,+7.2361810E+00,+9.6984925E+00
+175.1200E-03,+7.2361810E+00,+9.6482413E+00
+175.6000E-03,+7.2361810E+00,+9.6482413E+00
+176.0800E-03,+7.2361810E+00,+9.8492463E+00
+176.5600E-03,+7.2361810E+00,+9.8492463E+00
+177.0400E-03,+7.2361810E+00,+9.8492463E+00
+177.5200E-03,+7.2361810E+00,+10.0000001E+00
+178.0000E-03,+7.2864322E+00,+10.0502513E+00
+178.4800E-03,+7.4371860E+00,+9.8492463E+00
+178.9600E-03,+7.2864322E+00,+9.8994976E+00
+179.4400E-03,+7.3869347E+00,+10.0000001E+00
+179.9200E-03,+7.4371860E+00,+9.8994976E+00
+180.4000E-03,+7.2864322E+00,+9.8492463E+00
+180.8800E-03,+7.4371860E+00,+9.8994976E+00
+181.3600E-03,+7.4371860E+00,+10.0502513E+00
+181.8400E-03,+7.4371860E+00,+9.8492463E+00
+182.3200E-03,+7.4371860E+00,+10.0502513E+00
+182.8000E-03,+7.4874372E+00,+10.0502513E+00
+183.2800E-03,+7.6381910E+00,+10.0000001E+00
+183.7600E-03,+7.5879398E+00,+10.0502513E+00
+184.2400E-03,+7.6381910E+00,+9.8492463E+00
+184.7200E-03,+7.6381910E+00,+10.0502513E+00
+185.2000E-03,+7.4874372E+00,+10.0000001E+00
+185.6800E-03,+7.6381910E+00,+10.0502513E+00
+186.1600E-03,+7.6381910E+00,+10.0502513E+00
+186.6400E-03,+7.6381910E+00,+10.0000001E+00
+187.1200E-03,+7.7889448E+00,+9.8492463E+00
+187.6000E-03,+7.6381910E+00,+10.0502513E+00
+188.0800E-03,+7.5376885E+00,+9.8492463E+00
+188.5600E-03,+7.6381910E+00,+10.0502513E+00
+189.0400E-03,+7.7889448E+00,+9.8994976E+00
+189.5200E-03,+7.8391960E+00,+10.0502513E+00
+190.0000E-03,+7.6884423E+00,+9.8994976E+00
+190.4800E-03,+7.8391960E+00,+9.8994976E+00
+190.9600E-03,+7.8391960E+00,+10.0502513E+00
+191.4400E-03,+7.8894473E+00,+10.0502513E+00
+191.9200E-03,+7.8391960E+00,+10.0502513E+00
+192.4000E-03,+7.8391960E+00,+10.0502513E+00
+192.8800E-03,+8.0402011E+00,+10.0000001E+00
+193.3600E-03,+7.8894473E+00,+10.0000001E+00
+193.8400E-03,+7.9899498E+00,+10.0502513E+00
+194.3200E-03,+7.8894473E+00,+10.0502513E+00
+194.8000E-03,+8.0402011E+00,+10.0502513E+00
+195.2800E-03,+8.0402011E+00,+10.0502513E+00
+195.7600E-03,+8.0402011E+00,+10.0502513E+00
+196.2400E-03,+8.0402011E+00,+10.0502513E+00
+196.7200E-03,+8.0402011E+00,+10.0502513E+00
+197.2000E-03,+8.0904523E+00,+10.0000001E+00
+197.6800E-03,+8.0402011E+00,+10.0502513E+00
+198.1600E-03,+8.0402011E+00,+10.0502513E+00
+198.6400E-03,+8.0904523E+00,+10.0502513E+00
+199.1200E-03,+8.0402011E+00,+10.0502513E+00
+199.6000E-03,+8.2412061E+00,+10.0502513E+00
+200.0800E-03,+8.2412061E+00,+10.1005026E+00
+200.5600E-03,+8.0904523E+00,+10.0502513E+00
+201.0400E-03,+8.2412061E+00,+10.2010051E+00
+201.5200E-03,+8.2412061E+00,+10.0502513E+00
+202.0000E-03,+8.2412061E+00,+10.0502513E+00
+202.4800E-03,+8.2412061E+00,+10.0502513E+00
+202.9600E-03,+8.4422111E+00,+10.2512564E+00
+203.4400E-03,+8.2412061E+00,+10.2010051E+00
+203.9200E-03,+8.2412061E+00,+10.1005026E+00
+204.4000E-03,+8.4422111E+00,+10.1005026E+00
+204.8800E-03,+8.2914574E+00,+10.0502513E+00
+205.3600E-03,+8.3919599E+00,+10.0502513E+00
+205.8400E-03,+8.4422111E+00,+10.1005026E+00
+206.3200E-03,+8.2914574E+00,+10.0502513E+00
+206.8000E-03,+8.4422111E+00,+10.0502513E+00
+207.2800E-03,+8.4422111E+00,+10.0502513E+00
+207.7600E-03,+8.4422111E+00,+10.0502513E+00
+208.2400E-03,+8.4924624E+00,+10.0502513E+00
+208.7200E-03,+8.5929649E+00,+10.2512564E+00
+209.2000E-03,+8.5929649E+00,+10.0502513E+00
+209.6800E-03,+8.4924624E+00,+10.2512564E+00
+210.1600E-03,+8.5929649E+00,+10.0502513E+00
+210.6400E-03,+8.5929649E+00,+10.0502513E+00
+211.1200E-03,+8.4924624E+00,+10.2512564E+00
+211.6000E-03,+8.6432161E+00,+10.1005026E+00
+212.0800E-03,+8.6432161E+00,+10.2010051E+00
+212.5600E-03,+8.6432161E+00,+10.2512564E+00
+213.0400E-03,+8.6432161E+00,+10.0502513E+00
+213.5200E-03,+8.6432161E+00,+10.2010051E+00
+214.0000E-03,+8.7939699E+00,+10.1005026E+00
+214.4800E-03,+8.6432161E+00,+10.1005026E+00
+214.9600E-03,+8.6934674E+00,+10.2512564E+00
+215.4400E-03,+8.6934674E+00,+10.1005026E+00
+215.9200E-03,+8.6934674E+00,+10.2010051E+00
+216.4000E-03,+8.8442212E+00,+10.2512564E+00
+216.8800E-03,+8.8442212E+00,+10.1005026E+00
+217.3600E-03,+8.9949749E+00,+10.0502513E+00
+217.8400E-03,+8.8442212E+00,+10.2512564E+00
+218.3200E-03,+8.9949749E+00,+10.0502513E+00
+218.8000E-03,+8.8944724E+00,+10.2010051E+00
+219.2800E-03,+8.8442212E+00,+10.2512564E+00
+219.7600E-03,+8.9949749E+00,+10.2010051E+00
+220.2400E-03,+8.9949749E+00,+10.2512564E+00
+220.7200E-03,+8.9949749E+00,+10.2010051E+00
+221.2000E-03,+8.8944724E+00,+10.2512564E+00
+221.6800E-03,+9.0452262E+00,+10.2512564E+00
+222.1600E-03,+9.0452262E+00,+10.2512564E+00
+222.6400E-03,+9.0452262E+00,+10.3517589E+00
+223.1200E-03,+9.0452262E+00,+10.2512564E+00
+223.6000E-03,+9.1959800E+00,+10.2512564E+00
+224.0800E-03,+9.1959800E+00,+10.2512564E+00
+224.5600E-03,+9.0954775E+00,+10.2512564E+00
+225.0400E-03,+9.2462312E+00,+10.2512564E+00
+225.5200E-03,+9.2462312E+00,+10.2512564E+00
+226.0000E-03,+9.0954775E+00,+10.2512564E+00
+226.4800E-03,+9.2462312E+00,+10.4020101E+00
+226.9600E-03,+9.2462312E+00,+10.2512564E+00
+227.4400E-03,+9.2462312E+00,+10.2512564E+00
+227.9200E-03,+9.2462312E+00,+10.2512564E+00
+228.4000E-03,+9.2462312E+00,+10.2512564E+00
+228.8800E-03,+9.2462312E+00,+10.1005026E+00
+229.3600E-03,+9.2462312E+00,+10.2512564E+00
+229.8400E-03,+9.2462312E+00,+10.2010051E+00
+230.3200E-03,+9.4472363E+00,+10.2512564E+00
+230.8000E-03,+9.2964825E+00,+10.2512564E+00
+231.2800E-03,+9.4472363E+00,+10.2512564E+00
+231.7600E-03,+9.2964825E+00,+10.3015076E+00
+232.2400E-03,+9.4472363E+00,+10.2512564E+00
+232.7200E-03,+9.4472363E+00,+10.2512564E+00
+233.2000E-03,+9.4472363E+00,+10.2512564E+00
+233.6800E-03,+9.4974875E+00,+10.2512564E+00
+234.1600E-03,+9.6482413E+00,+10.2512564E+00
+234.6400E-03,+9.4472363E+00,+10.3015076E+00
+235.1200E-03,+9.4472363E+00,+10.2512564E+00
+235.6000E-03,+9.5979900E+00,+10.2512564E+00
+236.0800E-03,+9.4472363E+00,+10.3015076E+00
+236.5600E-03,+9.4974875E+00,+10.2512564E+00
+237.0400E-03,+9.6482413E+00,+10.4020101E+00
+237.5200E-03,+9.6482413E+00,+10.4020101E+00
+238.0000E-03,+9.6482413E+00,+10.4020101E+00
+238.4800E-03,+9.6482413E+00,+10.4522614E+00
+238.9600E-03,+9.6482413E+00,+10.2512564E+00
+239.4400E-03,+9.6482413E+00,+10.3015076E+00
+239.9200E-03,+9.6482413E+00,+10.3015076E+00
+240.4000E-03,+9.7989951E+00,+10.4020101E+00
+240.8800E-03,+9.6482413E+00,+10.3015076E+00
+241.3600E-03,+9.8492463E+00,+10.2512564E+00
+241.8400E-03,+9.8492463E+00,+10.2512564E+00
+242.3200E-03,+9.6984925E+00,+10.4522614E+00
+242.8000E-03,+9.8492463E+00,+10.4522614E+00
+243.2800E-03,+9.6984925E+00,+10.3015076E+00
+243.7600E-03,+9.8492463E+00,+10.3015076E+00
+244.2400E-03,+9.6984925E+00,+10.3015076E+00
+244.7200E-03,+9.8492463E+00,+10.4522614E+00
+245.2000E-03,+9.8492463E+00,+10.4522614E+00
+245.6800E-03,+9.8492463E+00,+10.4020101E+00
+246.1600E-03,+10.0000001E+00,+10.4522614E+00
+246.6400E-03,+10.0000001E+00,+10.4020101E+00
+247.1200E-03,+9.8994976E+00,+10.4522614E+00
+247.6000E-03,+10.0502513E+00,+10.4522614E+00
+248.0800E-03,+9.8994976E+00,+10.3015076E+00
+248.5600E-03,+9.8492463E+00,+10.3015076E+00
+249.0400E-03,+10.0000001E+00,+10.4020101E+00
+249.5200E-03,+9.8492463E+00,+10.3015076E+00
+250.0000E-03,+9.8492463E+00,+10.4522614E+00
+250.4800E-03,+9.8492463E+00,+10.3015076E+00
+250.9600E-03,+9.8492463E+00,+10.3015076E+00
+251.4400E-03,+9.8492463E+00,+10.4522614E+00
+251.9200E-03,+9.6984925E+00,+10.3015076E+00
+252.4000E-03,+9.8492463E+00,+10.4522614E+00
+252.8800E-03,+9.6984925E+00,+10.4020101E+00
+253.3600E-03,+9.7989951E+00,+10.4522614E+00
+253.8400E-03,+9.8492463E+00,+10.3015076E+00
+254.3200E-03,+9.7989951E+00,+10.4020101E+00
+254.8000E-03,+9.8492463E+00,+10.3015076E+00
+255.2800E-03,+9.6482413E+00,+10.4020101E+00
+255.7600E-03,+9.6482413E+00,+10.4020101E+00
+256.2400E-03,+9.6482413E+00,+10.3015076E+00
+256.7200E-03,+9.6482413E+00,+10.2512564E+00
+257.2000E-03,+9.6482413E+00,+10.3015076E+00
+257.6800E-03,+9.6482413E+00,+10.4020101E+00
+258.1600E-03,+9.4974875E+00,+10.4020101E+00
+258.6400E-03,+9.6482413E+00,+10.4522614E+00
+259.1200E-03,+9.5979900E+00,+10.3015076E+00
+259.6000E-03,+9.4472363E+00,+10.2512564E+00
+260.0800E-03,+9.4974875E+00,+10.4020101E+00
+260.5600E-03,+9.4472363E+00,+10.3015076E+00
+261.0400E-03,+9.4974875E+00,+10.3015076E+00
+261.5200E-03,+9.2964825E+00,+10.2512564E+00
+262.0000E-03,+9.4472363E+00,+10.2010051E+00
+262.4800E-03,+9.4472363E+00,+10.2512564E+00
+262.9600E-03,+9.4472363E+00,+10.2512564E+00
+263.4400E-03,+9.4472363E+00,+10.2512564E+00
+263.9200E-03,+9.4472363E+00,+10.2512564E+00
+264.4000E-03,+9.4472363E+00,+10.2512564E+00
+264.8800E-03,+9.2462312E+00,+10.2512564E+00
+265.3600E-03,+9.3969850E+00,+10.4020101E+00
+265.8400E-03,+9.2462312E+00,+10.2512564E+00
+266.3200E-03,+9.2462312E+00,+10.4020101E+00
+266.8000E-03,+9.2462312E+00,+10.2512564E+00
+267.2800E-03,+9.2462312E+00,+10.2512564E+00
+267.7600E-03,+9.2964825E+00,+10.2512564E+00
+268.2400E-03,+9.2462312E+00,+10.2512564E+00
+268.7200E-03,+9.0954775E+00,+10.2512564E+00
+269.2000E-03,+9.1959800E+00,+10.2512564E+00
+269.6800E-03,+9.2462312E+00,+10.3015076E+00
+270.1600E-03,+9.1959800E+00,+10.2512564E+00
+270.6400E-03,+9.2462312E+00,+10.2512564E+00
+271.1200E-03,+9.0452262E+00,+10.2512564E+00
+271.6000E-03,+9.0452262E+00,+10.2512564E+00
+272.0800E-03,+9.0452262E+00,+10.2512564E+00
+272.5600E-03,+9.0452262E+00,+10.0502513E+00
+273.0400E-03,+9.0452262E+00,+10.2512564E+00
+273.5200E-03,+9.0452262E+00,+10.1005026E+00
+274.0000E-03,+8.9949749E+00,+10.2010051E+00
+274.4800E-03,+8.8442212E+00,+10.0502513E+00
+274.9600E-03,+8.9949749E+00,+10.2512564E+00
+275.4400E-03,+8.8944724E+00,+10.2010051E+00
+275.9200E-03,+8.8944724E+00,+10.2512564E+00
+276.4000E-03,+8.8442212E+00,+10.2512564E+00
+276.8800E-03,+8.8442212E+00,+10.0502513E+00
+277.3600E-03,+8.8442212E+00,+10.2512564E+00
+277.8400E-03,+8.8442212E+00,+10.2512564E+00
+278.3200E-03,+8.8442212E+00,+10.2512564E+00
+278.8000E-03,+8.8442212E+00,+10.2512564E+00
+279.2800E-03,+8.9949749E+00,+10.2512564E+00
+279.7600E-03,+8.6934674E+00,+10.2010051E+00
+280.2400E-03,+8.8442212E+00,+10.2512564E+00
+280.7200E-03,+8.7939699E+00,+10.2010051E+00
+281.2000E-03,+8.6934674E+00,+10.2010051E+00
+281.6800E-03,+8.6934674E+00,+10.2010051E+00
+282.1600E-03,+8.6432161E+00,+10.1005026E+00
+282.6400E-03,+8.6934674E+00,+10.1005026E+00
+283.1200E-03,+8.5929649E+00,+10.2010051E+00
+283.6000E-03,+8.6432161E+00,+10.1005026E+00
+284.0800E-03,+8.6432161E+00,+10.1005026E+00
+284.5600E-03,+8.4924624E+00,+10.2010051E+00
+285.0400E-03,+8.4924624E+00,+10.2010051E+00
+285.5200E-03,+8.5929649E+00,+10.0502513E+00
+286.0000E-03,+8.4422111E+00,+10.0502513E+00
+286.4800E-03,+8.4422111E+00,+10.2010051E+00
+286.9600E-03,+8.4422111E+00,+10.2512564E+00
+287.4400E-03,+8.4422111E+00,+10.2010051E+00
+287.9200E-03,+8.4422111E+00,+10.2010051E+00
+288.4000E-03,+8.4422111E+00,+10.2010051E+00
+288.8800E-03,+8.3919599E+00,+10.2010051E+00
+289.3600E-03,+8.3919599E+00,+10.1005026E+00
+289.8400E-03,+8.2914574E+00,+10.2010051E+00
+290.3200E-03,+8.2914574E+00,+10.1005026E+00
+290.8000E-03,+8.4422111E+00,+10.1005026E+00
+291.2800E-03,+8.3919599E+00,+10.0502513E+00
+291.7600E-03,+8.2914574E+00,+10.0502513E+00
+292.2400E-03,+8.3919599E+00,+10.0502513E+00
+292.7200E-03,+8.3919599E+00,+10.0502513E+00
+293.2000E-03,+8.2412061E+00,+10.0502513E+00
+293.6800E-03,+8.2412061E+00,+10.0502513E+00
+294.1600E-03,+8.2412061E+00,+10.0502513E+00
+294.6400E-03,+8.2412061E+00,+10.0502513E+00
+295.1200E-03,+8.0402011E+00,+10.2010051E+00
+295.6000E-03,+8.1909548E+00,+10.0502513E+00
+296.0800E-03,+8.0904523E+00,+10.0502513E+00
+296.5600E-03,+8.1909548E+00,+10.0502513E+00
+297.0400E-03,+8.1909548E+00,+10.1005026E+00
+297.5200E-03,+8.0402011E+00,+10.0502513E+00
+298.0000E-03,+8.0402011E+00,+10.0502513E+00
+298.4800E-03,+8.0402011E+00,+10.0502513E+00
+298.9600E-03,+8.0402011E+00,+10.0000001E+00
+299.4400E-03,+8.0402011E+00,+10.0502513E+00
+299.9200E-03,+7.8894473E+00,+10.0502513E+00
+300.4000E-03,+8.0402011E+00,+10.0000001E+00
+300.8800E-03,+7.8391960E+00,+10.0502513E+00
+301.3600E-03,+7.9899498E+00,+10.1005026E+00
+301.8400E-03,+7.9899498E+00,+10.0502513E+00
+302.3200E-03,+7.8391960E+00,+9.8994976E+00
+302.8000E-03,+7.8391960E+00,+10.0502513E+00
+303.2800E-03,+7.8391960E+00,+10.0502513E+00
+303.7600E-03,+7.8391960E+00,+9.8994976E+00
+304.2400E-03,+7.8391960E+00,+10.0502513E+00
+304.7200E-03,+7.8391960E+00,+9.8994976E+00
+305.2000E-03,+7.7889448E+00,+9.8994976E+00
+305.6800E-03,+7.6884423E+00,+10.0502513E+00
+306.1600E-03,+7.6884423E+00,+10.0502513E+00
+306.6400E-03,+7.6381910E+00,+9.8994976E+00
+307.1200E-03,+7.6381910E+00,+9.8994976E+00
+307.6000E-03,+7.6381910E+00,+10.0502513E+00
+308.0800E-03,+7.6381910E+00,+10.0000001E+00
+308.5600E-03,+7.6381910E+00,+10.0502513E+00
+309.0400E-03,+7.6381910E+00,+10.0000001E+00
+309.5200E-03,+7.6381910E+00,+10.0502513E+00
+310.0000E-03,+7.4874372E+00,+10.0502513E+00
+310.4800E-03,+7.4874372E+00,+9.8994976E+00
+310.9600E-03,+7.4874372E+00,+10.0000001E+00
+311.4400E-03,+7.5879398E+00,+9.8492463E+00
+311.9200E-03,+7.5879398E+00,+10.0000001E+00
+312.4000E-03,+7.4371860E+00,+9.8994976E+00
+312.8800E-03,+7.4371860E+00,+9.8492463E+00
+313.3600E-03,+7.4371860E+00,+9.8994976E+00
+313.8400E-03,+7.4371860E+00,+9.8994976E+00
+314.3200E-03,+7.4371860E+00,+9.8492463E+00
+314.8000E-03,+7.4371860E+00,+9.8492463E+00
+315.2800E-03,+7.4371860E+00,+9.8492463E+00
+315.7600E-03,+7.4371860E+00,+9.8492463E+00
+316.2400E-03,+7.4371860E+00,+10.0000001E+00
+316.7200E-03,+7.2361810E+00,+9.8492463E+00
+317.2000E-03,+7.2864322E+00,+9.8492463E+00
+317.6800E-03,+7.2361810E+00,+9.8492463E+00
+318.1600E-03,+7.2864322E+00,+10.0502513E+00
+318.6400E-03,+7.2361810E+00,+9.8492463E+00
+319.1200E-03,+7.1859297E+00,+9.8492463E+00
+319.6000E-03,+7.2361810E+00,+9.8492463E+00
+320.0800E-03,+7.2361810E+00,+9.7989951E+00
+320.5600E-03,+7.2361810E+00,+9.7989951E+00
+321.0400E-03,+7.2361810E+00,+9.8492463E+00
+321.5200E-03,+7.0351759E+00,+9.6482413E+00
+322.0000E-03,+7.0351759E+00,+9.6482413E+00
+322.4800E-03,+7.0351759E+00,+9.4974875E+00
+322.9600E-03,+7.0854272E+00,+9.6482413E+00
+323.4400E-03,+7.0854272E+00,+9.6482413E+00
+323.9200E-03,+7.0351759E+00,+9.6482413E+00
+324.4000E-03,+7.0351759E+00,+9.4974875E+00
+324.8800E-03,+7.0351759E+00,+9.4974875E+00
+325.3600E-03,+7.0351759E+00,+9.4472363E+00
+325.8400E-03,+6.8844222E+00,+9.5979900E+00
+326.3200E-03,+6.8844222E+00,+9.4472363E+00
+326.8000E-03,+7.0351759E+00,+9.4974875E+00
+327.2800E-03,+6.9849247E+00,+9.4472363E+00
+327.7600E-03,+6.8341709E+00,+9.2462312E+00
+328.2400E-03,+6.8341709E+00,+9.4472363E+00
+328.7200E-03,+6.8341709E+00,+9.4472363E+00
+329.2000E-03,+6.8341709E+00,+9.4472363E+00
+329.6800E-03,+6.8341709E+00,+9.4472363E+00
+330.1600E-03,+6.8341709E+00,+9.4472363E+00
+330.6400E-03,+6.7839197E+00,+9.2462312E+00
+331.1200E-03,+6.6834171E+00,+9.2462312E+00
+331.6000E-03,+6.7839197E+00,+9.2462312E+00
+332.0800E-03,+6.6834171E+00,+9.2964825E+00
+332.5600E-03,+6.6331659E+00,+9.1959800E+00
+333.0400E-03,+6.6331659E+00,+9.2462312E+00
+333.5200E-03,+6.6331659E+00,+9.2462312E+00
+334.0000E-03,+6.6331659E+00,+9.2462312E+00
+334.4800E-03,+6.6331659E+00,+9.0452262E+00
+334.9600E-03,+6.6331659E+00,+9.0954775E+00
+335.4400E-03,+6.4824121E+00,+9.0954775E+00
+335.9200E-03,+6.4321609E+00,+9.0452262E+00
+336.4000E-03,+6.5829146E+00,+9.0452262E+00
+336.8800E-03,+6.4321609E+00,+9.0452262E+00
+337.3600E-03,+6.4824121E+00,+9.0452262E+00
+337.8400E-03,+6.4321609E+00,+8.9949749E+00
+338.3200E-03,+6.4321609E+00,+8.8442212E+00
+338.8000E-03,+6.4321609E+00,+9.0452262E+00
+339.2800E-03,+6.4321609E+00,+9.0452262E+00
+339.7600E-03,+6.3819096E+00,+8.9949749E+00
+340.2400E-03,+6.4321609E+00,+8.9949749E+00
+340.7200E-03,+6.4321609E+00,+8.8442212E+00
+341.2000E-03,+6.3819096E+00,+8.8442212E+00
+341.6800E-03,+6.2311558E+00,+8.8442212E+00
+342.1600E-03,+6.3819096E+00,+8.8442212E+00
+342.6400E-03,+6.2311558E+00,+8.7939699E+00
+343.1200E-03,+6.2311558E+00,+8.8442212E+00
+343.6000E-03,+6.2311558E+00,+8.8442212E+00
+344.0800E-03,+6.2311558E+00,+8.6934674E+00
+344.5600E-03,+6.2311558E+00,+8.6934674E+00
+345.0400E-03,+6.2311558E+00,+8.6934674E+00
+345.5200E-03,+6.1809046E+00,+8.6432161E+00
+346.0000E-03,+6.0301508E+00,+8.6432161E+00
+346.4800E-03,+6.0804021E+00,+8.6432161E+00
+346.9600E-03,+6.2311558E+00,+8.5929649E+00
+347.4400E-03,+6.1809046E+00,+8.4422111E+00
+347.9200E-03,+6.0301508E+00,+8.4422111E+00
+348.4000E-03,+6.0301508E+00,+8.6432161E+00
+348.8800E-03,+6.0301508E+00,+8.4422111E+00
+349.3600E-03,+6.0301508E+00,+8.4422111E+00
+349.8400E-03,+6.0301508E+00,+8.4422111E+00
+350.3200E-03,+6.0301508E+00,+8.4422111E+00
+350.8000E-03,+5.8793970E+00,+8.4422111E+00
+351.2800E-03,+5.9798995E+00,+8.4422111E+00
+351.7600E-03,+5.8291458E+00,+8.4422111E+00
+352.2400E-03,+5.8291458E+00,+8.4422111E+00
+352.7200E-03,+5.9798995E+00,+8.2412061E+00
+353.2000E-03,+5.7788945E+00,+8.3919599E+00
+353.6800E-03,+5.8291458E+00,+8.2412061E+00
+354.1600E-03,+5.8291458E+00,+8.2412061E+00
+354.6400E-03,+5.8291458E+00,+8.2412061E+00
+355.1200E-03,+5.6281407E+00,+8.2412061E+00
+355.6000E-03,+5.6783920E+00,+8.0904523E+00
+356.0800E-03,+5.8291458E+00,+8.0904523E+00
+356.5600E-03,+5.8291458E+00,+8.2412061E+00
+357.0400E-03,+5.7788945E+00,+8.2412061E+00
+357.5200E-03,+5.6281407E+00,+8.2412061E+00
+358.0000E-03,+5.6281407E+00,+8.0402011E+00
+358.4800E-03,+5.6281407E+00,+8.1909548E+00
+358.9600E-03,+5.6281407E+00,+8.0402011E+00
+359.4400E-03,+5.4271357E+00,+8.0402011E+00
+359.9200E-03,+5.6281407E+00,+8.1909548E+00
+360.4000E-03,+5.6281407E+00,+8.0402011E+00
+360.8800E-03,+5.6281407E+00,+7.9899498E+00
+361.3600E-03,+5.4773870E+00,+7.8894473E+00
+361.8400E-03,+5.5778895E+00,+7.8391960E+00
+362.3200E-03,+5.4271357E+00,+7.9899498E+00
+362.8000E-03,+5.4271357E+00,+7.8391960E+00
+363.2800E-03,+5.4773870E+00,+8.0402011E+00
+363.7600E-03,+5.4271357E+00,+7.8391960E+00
+364.2400E-03,+5.4271357E+00,+7.7889448E+00
+364.7200E-03,+5.4271357E+00,+7.8391960E+00
+365.2000E-03,+5.4271357E+00,+7.6884423E+00
+365.6800E-03,+5.2763820E+00,+7.6381910E+00
+366.1600E-03,+5.2763820E+00,+7.6381910E+00
+366.6400E-03,+5.3768845E+00,+7.7889448E+00
+367.1200E-03,+5.2261307E+00,+7.6884423E+00
+367.6000E-03,+5.2261307E+00,+7.5879398E+00
+368.0800E-03,+5.2261307E+00,+7.6381910E+00
+368.5600E-03,+5.2261307E+00,+7.6381910E+00
+369.0400E-03,+5.2261307E+00,+7.6381910E+00
+369.5200E-03,+5.2261307E+00,+7.4874372E+00
+370.0000E-03,+5.2261307E+00,+7.4874372E+00
+370.4800E-03,+5.2261307E+00,+7.4371860E+00
+370.9600E-03,+5.1758794E+00,+7.4371860E+00
+371.4400E-03,+5.0251257E+00,+7.4371860E+00
+371.9200E-03,+5.2261307E+00,+7.4371860E+00
+372.4000E-03,+5.0251257E+00,+7.4371860E+00
+372.8800E-03,+5.0251257E+00,+7.2864322E+00
+373.3600E-03,+5.0251257E+00,+7.4371860E+00
+373.8400E-03,+5.0251257E+00,+7.2361810E+00
+374.3200E-03,+5.0251257E+00,+7.3869347E+00
+374.8000E-03,+5.0251257E+00,+7.2361810E+00
+375.2800E-03,+4.8743719E+00,+7.4371860E+00
+375.7600E-03,+5.0251257E+00,+7.3869347E+00
+376.2400E-03,+4.8241206E+00,+7.2361810E+00
+376.7200E-03,+4.8241206E+00,+7.2361810E+00
+377.2000E-03,+4.8241206E+00,+7.0854272E+00
+377.6800E-03,+4.9748744E+00,+7.2361810E+00
+378.1600E-03,+4.8241206E+00,+7.0854272E+00
+378.6400E-03,+4.8241206E+00,+7.1859297E+00
+379.1200E-03,+4.8241206E+00,+7.0351759E+00
+379.6000E-03,+4.8241206E+00,+7.0351759E+00
+380.0800E-03,+4.8241206E+00,+7.0351759E+00
+380.5600E-03,+4.6733669E+00,+7.0351759E+00
+381.0400E-03,+4.6733669E+00,+7.0351759E+00
+381.5200E-03,+4.7738694E+00,+6.9849247E+00
+382.0000E-03,+4.6231156E+00,+6.8844222E+00
+382.4800E-03,+4.6231156E+00,+6.9849247E+00
+382.9600E-03,+4.6231156E+00,+6.9849247E+00
+383.4400E-03,+4.5728644E+00,+6.8341709E+00
+383.9200E-03,+4.6231156E+00,+6.8341709E+00
+384.4000E-03,+4.6231156E+00,+7.0351759E+00
+384.8800E-03,+4.4723618E+00,+6.8341709E+00
+385.3600E-03,+4.6231156E+00,+6.8341709E+00
+385.8400E-03,+4.4723618E+00,+6.8341709E+00
+386.3200E-03,+4.4723618E+00,+6.8341709E+00
+386.8000E-03,+4.4221106E+00,+6.6331659E+00
+387.2800E-03,+4.4723618E+00,+6.6331659E+00
+387.7600E-03,+4.4221106E+00,+6.6331659E+00
+388.2400E-03,+4.4221106E+00,+6.7839197E+00
+388.7200E-03,+4.4221106E+00,+6.6331659E+00
+389.2000E-03,+4.4221106E+00,+6.6331659E+00
+389.6800E-03,+4.2211056E+00,+6.4824121E+00
+390.1600E-03,+4.2713568E+00,+6.6331659E+00
+390.6400E-03,+4.4221106E+00,+6.6331659E+00
+391.1200E-03,+4.2713568E+00,+6.6331659E+00
+391.6000E-03,+4.2713568E+00,+6.4321609E+00
+392.0800E-03,+4.2211056E+00,+6.5829146E+00
+392.5600E-03,+4.2211056E+00,+6.4321609E+00
+393.0400E-03,+4.2211056E+00,+6.4321609E+00
+393.5200E-03,+4.2211056E+00,+6.4321609E+00
+394.0000E-03,+4.2211056E+00,+6.3819096E+00
+394.4800E-03,+4.2211056E+00,+6.2814071E+00
+394.9600E-03,+4.2211056E+00,+6.3819096E+00
+395.4400E-03,+4.1708543E+00,+6.3819096E+00
+395.9200E-03,+4.2211056E+00,+6.2814071E+00
+396.4000E-03,+4.0201005E+00,+6.2311558E+00
+396.8800E-03,+4.2211056E+00,+6.2311558E+00
+397.3600E-03,+4.0201005E+00,+6.2311558E+00
+397.8400E-03,+4.0201005E+00,+6.2311558E+00
+398.3200E-03,+4.0201005E+00,+6.0804021E+00
+398.8000E-03,+4.0201005E+00,+6.2311558E+00
+399.2800E-03,+4.0201005E+00,+6.0804021E+00
+399.7600E-03,+3.8693468E+00,+6.2311558E+00
+400.2400E-03,+4.0201005E+00,+6.0301508E+00
+400.7200E-03,+4.0201005E+00,+6.0301508E+00
+401.2000E-03,+3.8693468E+00,+6.0301508E+00
+401.6800E-03,+3.8190955E+00,+6.0301508E+00
+402.1600E-03,+3.9698493E+00,+6.0301508E+00
+402.6400E-03,+3.6683417E+00,+6.0301508E+00
+403.1200E-03,+3.8190955E+00,+5.8793970E+00
+403.6000E-03,+3.8190955E+00,+6.0301508E+00
+404.0800E-03,+3.7688443E+00,+5.8793970E+00
+404.5600E-03,+3.7688443E+00,+5.9798995E+00
+405.0400E-03,+3.7688443E+00,+5.8291458E+00
+405.5200E-03,+3.7688443E+00,+6.0301508E+00
+406.0000E-03,+3.6180905E+00,+5.6783920E+00
+406.4800E-03,+3.6180905E+00,+5.8291458E+00
+406.9600E-03,+3.8190955E+00,+5.8291458E+00
+407.4400E-03,+3.7688443E+00,+5.8291458E+00
+407.9200E-03,+3.6180905E+00,+5.6783920E+00
+408.4000E-03,+3.6180905E+00,+5.6783920E+00
+408.8800E-03,+3.6180905E+00,+5.6281407E+00
+409.3600E-03,+3.6180905E+00,+5.6281407E+00
+409.8400E-03,+3.5678392E+00,+5.7788945E+00
+410.3200E-03,+3.4673367E+00,+5.6281407E+00
+410.8000E-03,+3.6180905E+00,+5.6281407E+00
+411.2800E-03,+3.4673367E+00,+5.6281407E+00
+411.7600E-03,+3.5678392E+00,+5.6281407E+00
+412.2400E-03,+3.4673367E+00,+5.6281407E+00
+412.7200E-03,+3.4170855E+00,+5.4271357E+00
+413.2000E-03,+3.4170855E+00,+5.4271357E+00
+413.6800E-03,+3.4170855E+00,+5.4773870E+00
+414.1600E-03,+3.4170855E+00,+5.4271357E+00
+414.6400E-03,+3.4170855E+00,+5.4271357E+00
+415.1200E-03,+3.2663317E+00,+5.4271357E+00
+415.6000E-03,+3.4170855E+00,+5.4271357E+00
+416.0800E-03,+3.2160804E+00,+5.2763820E+00
+416.5600E-03,+3.2160804E+00,+5.2763820E+00
+417.0400E-03,+3.2160804E+00,+5.2261307E+00
+417.5200E-03,+3.2160804E+00,+5.2261307E+00
+418.0000E-03,+3.2160804E+00,+5.2261307E+00
+418.4800E-03,+3.2160804E+00,+5.2261307E+00
+418.9600E-03,+3.0653267E+00,+5.1758794E+00
+419.4400E-03,+3.2160804E+00,+5.2261307E+00
+419.9200E-03,+3.2160804E+00,+5.2261307E+00
+420.4000E-03,+3.0150754E+00,+5.0251257E+00
+420.8800E-03,+3.0150754E+00,+5.0251257E+00
+421.3600E-03,+3.0150754E+00,+5.0251257E+00
+421.8400E-03,+3.0653267E+00,+5.0251257E+00
+422.3200E-03,+3.0150754E+00,+5.0251257E+00
+422.8000E-03,+3.0150754E+00,+5.0251257E+00
+423.2800E-03,+2.8643216E+00,+4.9748744E+00
+423.7600E-03,+3.0150754E+00,+5.0251257E+00
+424.2400E-03,+3.0150754E+00,+4.8743719E+00
+424.7200E-03,+2.8643216E+00,+4.8743719E+00
+425.2000E-03,+2.8643216E+00,+4.8241206E+00
+425.6800E-03,+2.8140704E+00,+4.8241206E+00
+426.1600E-03,+2.8643216E+00,+5.0251257E+00
+426.6400E-03,+2.9648241E+00,+4.8241206E+00
+427.1200E-03,+2.8140704E+00,+4.8241206E+00
+427.6000E-03,+2.8140704E+00,+4.8241206E+00
+428.0800E-03,+2.8140704E+00,+4.7738694E+00
+428.5600E-03,+2.8140704E+00,+4.6733669E+00
+429.0400E-03,+2.8140704E+00,+4.6733669E+00
+429.5200E-03,+2.8140704E+00,+4.7738694E+00
+430.0000E-03,+2.8140704E+00,+4.6733669E+00
+430.4800E-03,+2.6633166E+00,+4.6231156E+00
+430.9600E-03,+2.6130653E+00,+4.6231156E+00
+431.4400E-03,+2.6130653E+00,+4.6231156E+00
+431.9200E-03,+2.6130653E+00,+4.6231156E+00
+432.4000E-03,+2.6130653E+00,+4.5728644E+00
+432.8800E-03,+2.6130653E+00,+4.5728644E+00
+433.3600E-03,+2.6130653E+00,+4.4723618E+00
+433.8400E-03,+2.6130653E+00,+4.4221106E+00
+434.3200E-03,+2.6130653E+00,+4.4221106E+00
+434.8000E-03,+2.4120603E+00,+4.4221106E+00
+435.2800E-03,+2.4120603E+00,+4.3718593E+00
+435.7600E-03,+2.4120603E+00,+4.4221106E+00
+436.2400E-03,+2.5628141E+00,+4.2713568E+00
+436.7200E-03,+2.4623116E+00,+4.2713568E+00
+437.2000E-03,+2.4120603E+00,+4.3718593E+00
+437.6800E-03,+2.4120603E+00,+4.2211056E+00
+438.1600E-03,+2.3618091E+00,+4.2211056E+00
+438.6400E-03,+2.4120603E+00,+4.2211056E+00
+439.1200E-03,+2.3618091E+00,+4.2211056E+00
+439.6000E-03,+2.4120603E+00,+4.2211056E+00
+440.0800E-03,+2.2613066E+00,+4.2211056E+00
+440.5600E-03,+2.4120603E+00,+4.0703518E+00
+441.0400E-03,+2.2613066E+00,+4.0703518E+00
+441.5200E-03,+2.2613066E+00,+4.0201005E+00
+442.0000E-03,+2.2110553E+00,+4.0703518E+00
+442.4800E-03,+2.2110553E+00,+4.0201005E+00
+442.9600E-03,+2.2110553E+00,+4.1708543E+00
+443.4400E-03,+2.2110553E+00,+4.0201005E+00
+443.9200E-03,+2.2110553E+00,+3.8693468E+00
+444.4000E-03,+2.2110553E+00,+4.0201005E+00
+444.8800E-03,+2.0603015E+00,+4.0201005E+00
+445.3600E-03,+2.1608040E+00,+4.0201005E+00
+445.8400E-03,+2.0100503E+00,+3.8190955E+00
+446.3200E-03,+2.0100503E+00,+3.8190955E+00
+446.8000E-03,+2.1608040E+00,+3.8190955E+00
+447.2800E-03,+2.0100503E+00,+3.8190955E+00
+447.7600E-03,+2.0100503E+00,+3.9698493E+00
+448.2400E-03,+2.0100503E+00,+3.8190955E+00
+448.7200E-03,+1.8090452E+00,+3.8190955E+00
+449.2000E-03,+2.0100503E+00,+3.6683417E+00
+449.6800E-03,+1.8592965E+00,+3.7688443E+00
+450.1600E-03,+1.8592965E+00,+3.6180905E+00
+450.6400E-03,+1.8090452E+00,+3.6180905E+00
+451.1200E-03,+1.8090452E+00,+3.6180905E+00
+451.6000E-03,+1.8592965E+00,+3.7688443E+00
+452.0800E-03,+1.8090452E+00,+3.6180905E+00
+452.5600E-03,+1.8090452E+00,+3.6180905E+00
+453.0400E-03,+1.8090452E+00,+3.5678392E+00
+453.5200E-03,+1.8090452E+00,+3.6180905E+00
+454.0000E-03,+1.8090452E+00,+3.4170855E+00
+454.4800E-03,+1.6582915E+00,+3.4170855E+00
+454.9600E-03,+1.6080402E+00,+3.4170855E+00
+455.4400E-03,+1.6582915E+00,+3.4170855E+00
+455.9200E-03,+1.6582915E+00,+3.4170855E+00
+456.4000E-03,+1.6080402E+00,+3.2663317E+00
+456.8800E-03,+1.6080402E+00,+3.4170855E+00
+457.3600E-03,+1.6080402E+00,+3.3668342E+00
+457.8400E-03,+1.6080402E+00,+3.2663317E+00
+458.3200E-03,+1.6080402E+00,+3.2160804E+00
+458.8000E-03,+1.6080402E+00,+3.2160804E+00
+459.2800E-03,+1.6080402E+00,+3.3668342E+00
+459.7600E-03,+1.6080402E+00,+3.2160804E+00
+460.2400E-03,+1.6080402E+00,+3.2160804E+00
+460.7200E-03,+1.5577890E+00,+3.2160804E+00
+461.2000E-03,+1.5577890E+00,+3.1658292E+00
+461.6800E-03,+1.4070352E+00,+3.2160804E+00
+462.1600E-03,+1.4070352E+00,+3.2160804E+00
+462.6400E-03,+1.4070352E+00,+3.0150754E+00
+463.1200E-03,+1.4070352E+00,+3.0150754E+00
+463.6000E-03,+1.4070352E+00,+3.0150754E+00
+464.0800E-03,+1.2060302E+00,+3.1658292E+00
+464.5600E-03,+1.4070352E+00,+3.0150754E+00
+465.0400E-03,+1.4070352E+00,+3.0150754E+00
+465.5200E-03,+1.2060302E+00,+2.8643216E+00
+466.0000E-03,+1.2060302E+00,+2.8643216E+00
+466.4800E-03,+1.2060302E+00,+2.9648241E+00
+466.9600E-03,+1.2060302E+00,+2.8140704E+00
+467.4400E-03,+1.2060302E+00,+2.8140704E+00
+467.9200E-03,+1.2060302E+00,+2.8140704E+00
+468.4000E-03,+1.2060302E+00,+2.8140704E+00
+468.8800E-03,+1.1557789E+00,+2.8140704E+00
+469.3600E-03,+1.2060302E+00,+2.6130653E+00
+469.8400E-03,+1.2060302E+00,+2.6130653E+00
+470.3200E-03,+1.0050251E+00,+2.6633166E+00
+470.8000E-03,+1.0552764E+00,+2.6130653E+00
+471.2800E-03,+1.0050251E+00,+2.7638191E+00
+471.7600E-03,+1.0050251E+00,+2.6130653E+00
+472.2400E-03,+1.0050251E+00,+2.4623116E+00
+472.7200E-03,+954.7739E-03,+2.4623116E+00
+473.2000E-03,+1.0050251E+00,+2.6130653E+00
+473.6800E-03,+1.0050251E+00,+2.5628141E+00
+474.1600E-03,+1.0050251E+00,+2.4120603E+00
+474.6400E-03,+854.2714E-03,+2.4623116E+00
+475.1200E-03,+1.0050251E+00,+2.4120603E+00
+475.6000E-03,+954.7739E-03,+2.4120603E+00
+476.0800E-03,+804.0201E-03,+2.4120603E+00
+476.5600E-03,+804.0201E-03,+2.3618091E+00
+477.0400E-03,+804.0201E-03,+2.3618091E+00
+477.5200E-03,+804.0201E-03,+2.2110553E+00
+478.0000E-03,+804.0201E-03,+2.2110553E+00
+478.4800E-03,+804.0201E-03,+2.2110553E+00
+478.9600E-03,+804.0201E-03,+2.2110553E+00
+479.4400E-03,+804.0201E-03,+2.1608040E+00
+479.9200E-03,+804.0201E-03,+2.1608040E+00
+480.4000E-03,+653.2663E-03,+2.0603015E+00
+480.8800E-03,+603.0151E-03,+2.0100503E+00
+481.3600E-03,+603.0151E-03,+2.0100503E+00
+481.8400E-03,+653.2663E-03,+2.0100503E+00
+482.3200E-03,+603.0151E-03,+1.8090452E+00
+482.8000E-03,+603.0151E-03,+2.0100503E+00
+483.2800E-03,+603.0151E-03,+1.8090452E+00
+483.7600E-03,+552.7638E-03,+1.8592965E+00
+484.2400E-03,+402.0101E-03,+1.8090452E+00
+484.7200E-03,+452.2613E-03,+1.7587940E+00
+485.2000E-03,+552.7638E-03,+1.6080402E+00
+485.6800E-03,+552.7638E-03,+1.6080402E+00
+486.1600E-03,+402.0101E-03,+1.6080402E+00
+486.6400E-03,+402.0101E-03,+1.6080402E+00
+487.1200E-03,+402.0101E-03,+1.6080402E+00
+487.6000E-03,+402.0101E-03,+1.6080402E+00
+488.0800E-03,+251.2563E-03,+1.4070352E+00
+488.5600E-03,+351.7588E-03,+1.5577890E+00
+489.0400E-03,+251.2563E-03,+1.4070352E+00
+489.5200E-03,+402.0101E-03,+1.5577890E+00
+490.0000E-03,+351.7588E-03,+1.4070352E+00
+490.4800E-03,+251.2563E-03,+1.2060302E+00
+490.9600E-03,+201.0050E-03,+1.2060302E+00
+491.4400E-03,+201.0050E-03,+1.0050251E+00
+491.9200E-03,+201.0050E-03,+1.0050251E+00
+492.4000E-03,+201.0050E-03,+1.0050251E+00
+492.8800E-03,+201.0050E-03,+804.0201E-03
+493.3600E-03,+50.2513E-03,+753.7689E-03
+493.8400E-03,+150.7538E-03,+603.0151E-03
+494.3200E-03,+0.0E+00,+552.7638E-03
+494.8000E-03,+150.7538E-03,+402.0101E-03
+495.2800E-03,+0.0E+00,+402.0101E-03
+495.7600E-03,+0.0E+00,+402.0101E-03
+496.2400E-03,+0.0E+00,+201.0050E-03
+496.7200E-03,+0.0E+00,+201.0050E-03
+497.2000E-03,+0.0E+00,+0.0E+00
+497.6800E-03,-50.2513E-03,-150.7538E-03
+498.1600E-03,-150.7538E-03,-150.7538E-03
+498.6400E-03,-50.2513E-03,-201.0050E-03
+499.1200E-03,-201.0050E-03,-402.0101E-03
+499.6000E-03,-201.0050E-03,-251.2563E-03
+500.0800E-03,-50.2513E-03,-552.7638E-03
+500.5600E-03,-201.0050E-03,-552.7638E-03
+501.0400E-03,-201.0050E-03,-603.0151E-03
+501.5200E-03,-201.0050E-03,-804.0201E-03
+502.0000E-03,-201.0050E-03,-954.7739E-03
+502.4800E-03,-251.2563E-03,-854.2714E-03
+502.9600E-03,-402.0101E-03,-1.0050251E+00
+503.4400E-03,-251.2563E-03,-1.0552764E+00
+503.9200E-03,-251.2563E-03,-1.2060302E+00
+504.4000E-03,-402.0101E-03,-1.2060302E+00
+504.8800E-03,-251.2563E-03,-1.4070352E+00
+505.3600E-03,-402.0101E-03,-1.5577890E+00
+505.8400E-03,-552.7638E-03,-1.6080402E+00
+506.3200E-03,-402.0101E-03,-1.6080402E+00
+506.8000E-03,-402.0101E-03,-1.6080402E+00
+507.2800E-03,-552.7638E-03,-1.6080402E+00
+507.7600E-03,-452.2613E-03,-1.7587940E+00
+508.2400E-03,-452.2613E-03,-1.6080402E+00
+508.7200E-03,-603.0151E-03,-1.7587940E+00
+509.2000E-03,-603.0151E-03,-1.8090452E+00
+509.6800E-03,-552.7638E-03,-1.8090452E+00
+510.1600E-03,-452.2613E-03,-1.8090452E+00
+510.6400E-03,-603.0151E-03,-1.8592965E+00
+511.1200E-03,-753.7689E-03,-1.8090452E+00
+511.6000E-03,-804.0201E-03,-1.9597990E+00
+512.0800E-03,-804.0201E-03,-2.0100503E+00
+512.5600E-03,-653.2663E-03,-2.0100503E+00
+513.0400E-03,-804.0201E-03,-2.0603015E+00
+513.5200E-03,-804.0201E-03,-2.1608040E+00
+514.0000E-03,-753.7689E-03,-2.2110553E+00
+514.4800E-03,-804.0201E-03,-2.0100503E+00
+514.9600E-03,-804.0201E-03,-2.1608040E+00
+515.4400E-03,-804.0201E-03,-2.2110553E+00
+515.9200E-03,-804.0201E-03,-2.2110553E+00
+516.4000E-03,-954.7739E-03,-2.2110553E+00
+516.8800E-03,-854.2714E-03,-2.4120603E+00
+517.3600E-03,-854.2714E-03,-2.4120603E+00
+517.8400E-03,-954.7739E-03,-2.4120603E+00
+518.3200E-03,-1.0050251E+00,-2.3618091E+00
+518.8000E-03,-1.0050251E+00,-2.4120603E+00
+519.2800E-03,-1.0050251E+00,-2.4120603E+00
+519.7600E-03,-1.0050251E+00,-2.4623116E+00
+520.2400E-03,-1.0050251E+00,-2.5628141E+00
+520.7200E-03,-1.0552764E+00,-2.5125628E+00
+521.2000E-03,-1.1557789E+00,-2.6130653E+00
+521.6800E-03,-1.2060302E+00,-2.6130653E+00
+522.1600E-03,-1.2060302E+00,-2.6130653E+00
+522.6400E-03,-1.0552764E+00,-2.6130653E+00
+523.1200E-03,-1.2060302E+00,-2.6130653E+00
+523.6000E-03,-1.2060302E+00,-2.6130653E+00
+524.0800E-03,-1.2060302E+00,-2.6130653E+00
+524.5600E-03,-1.2060302E+00,-2.8140704E+00
+525.0400E-03,-1.2060302E+00,-2.8140704E+00
+525.5200E-03,-1.2060302E+00,-2.8140704E+00
+526.0000E-03,-1.2060302E+00,-2.8140704E+00
+526.4800E-03,-1.2060302E+00,-2.8140704E+00
+526.9600E-03,-1.4070352E+00,-2.9648241E+00
+527.4400E-03,-1.4070352E+00,-2.8140704E+00
+527.9200E-03,-1.4070352E+00,-2.9648241E+00
+528.4000E-03,-1.2562814E+00,-2.8643216E+00
+528.8800E-03,-1.4070352E+00,-2.9648241E+00
+529.3600E-03,-1.4070352E+00,-3.0150754E+00
+529.8400E-03,-1.4070352E+00,-3.0150754E+00
+530.3200E-03,-1.4070352E+00,-3.0150754E+00
+530.8000E-03,-1.4572864E+00,-3.0150754E+00
+531.2800E-03,-1.4070352E+00,-3.0150754E+00
+531.7600E-03,-1.4070352E+00,-3.0653267E+00
+532.2400E-03,-1.4070352E+00,-3.1658292E+00
+532.7200E-03,-1.6080402E+00,-3.2160804E+00
+533.2000E-03,-1.6080402E+00,-3.2160804E+00
+533.6800E-03,-1.6080402E+00,-3.2160804E+00
+534.1600E-03,-1.6080402E+00,-3.2160804E+00
+534.6400E-03,-1.6582915E+00,-3.1658292E+00
+535.1200E-03,-1.6080402E+00,-3.4170855E+00
+535.6000E-03,-1.6080402E+00,-3.2160804E+00
+536.0800E-03,-1.6582915E+00,-3.3668342E+00
+536.5600E-03,-1.6080402E+00,-3.2663317E+00
+537.0400E-03,-1.7587940E+00,-3.4170855E+00
+537.5200E-03,-1.6582915E+00,-3.4170855E+00
+538.0000E-03,-1.8090452E+00,-3.4170855E+00
+538.4800E-03,-1.6582915E+00,-3.4170855E+00
+538.9600E-03,-1.9597990E+00,-3.6180905E+00
+539.4400E-03,-1.8090452E+00,-3.4673367E+00
+539.9200E-03,-1.8090452E+00,-3.6180905E+00
+540.4000E-03,-1.8090452E+00,-3.4673367E+00
+540.8800E-03,-1.8090452E+00,-3.6180905E+00
+541.3600E-03,-1.9597990E+00,-3.5175880E+00
+541.8400E-03,-1.8090452E+00,-3.6180905E+00
+542.3200E-03,-1.8090452E+00,-3.6683417E+00
+542.8000E-03,-1.9597990E+00,-3.6180905E+00
+543.2800E-03,-2.0100503E+00,-3.6683417E+00
+543.7600E-03,-2.0100503E+00,-3.7688443E+00
+544.2400E-03,-2.0100503E+00,-3.8190955E+00
+544.7200E-03,-2.0100503E+00,-3.7688443E+00
+545.2000E-03,-2.0100503E+00,-3.8190955E+00
+545.6800E-03,-2.0100503E+00,-3.8190955E+00
+546.1600E-03,-2.1608040E+00,-3.8190955E+00
+546.6400E-03,-2.0603015E+00,-3.8190955E+00
+547.1200E-03,-2.0100503E+00,-3.9698493E+00
+547.6000E-03,-2.0603015E+00,-3.8190955E+00
+548.0800E-03,-2.2110553E+00,-3.9698493E+00
+548.5600E-03,-2.2110553E+00,-4.0201005E+00
+549.0400E-03,-2.2110553E+00,-3.9698493E+00
+549.5200E-03,-2.2110553E+00,-4.0201005E+00
+550.0000E-03,-2.2110553E+00,-4.0201005E+00
+550.4800E-03,-2.3618091E+00,-4.0703518E+00
+550.9600E-03,-2.2613066E+00,-4.0201005E+00
+551.4400E-03,-2.4120603E+00,-4.2211056E+00
+551.9200E-03,-2.3618091E+00,-4.2211056E+00
+552.4000E-03,-2.4120603E+00,-4.1708543E+00
+552.8800E-03,-2.4120603E+00,-4.2211056E+00
+553.3600E-03,-2.3618091E+00,-4.0703518E+00
+553.8400E-03,-2.4120603E+00,-4.2211056E+00
+554.3200E-03,-2.4120603E+00,-4.3718593E+00
+554.8000E-03,-2.4120603E+00,-4.3718593E+00
+555.2800E-03,-2.4120603E+00,-4.4221106E+00
+555.7600E-03,-2.4120603E+00,-4.4221106E+00
+556.2400E-03,-2.4623116E+00,-4.4221106E+00
+556.7200E-03,-2.4623116E+00,-4.4221106E+00
+557.2000E-03,-2.6130653E+00,-4.3718593E+00
+557.6800E-03,-2.5628141E+00,-4.4723618E+00
+558.1600E-03,-2.6130653E+00,-4.4221106E+00
+558.6400E-03,-2.5628141E+00,-4.5728644E+00
+559.1200E-03,-2.6130653E+00,-4.4221106E+00
+559.6000E-03,-2.6130653E+00,-4.4221106E+00
+560.0800E-03,-2.6130653E+00,-4.4221106E+00
+560.5600E-03,-2.6130653E+00,-4.4723618E+00
+561.0400E-03,-2.6633166E+00,-4.7738694E+00
+561.5200E-03,-2.6633166E+00,-4.6231156E+00
+562.0000E-03,-2.8140704E+00,-4.6231156E+00
+562.4800E-03,-2.8140704E+00,-4.6231156E+00
+562.9600E-03,-2.7638191E+00,-4.6231156E+00
+563.4400E-03,-2.8140704E+00,-4.7738694E+00
+563.9200E-03,-2.6633166E+00,-4.7738694E+00
+564.4000E-03,-2.8140704E+00,-4.6733669E+00
+564.8800E-03,-2.8140704E+00,-4.6733669E+00
+565.3600E-03,-2.8140704E+00,-4.6733669E+00
+565.8400E-03,-2.9648241E+00,-4.8241206E+00
+566.3200E-03,-2.8643216E+00,-4.8241206E+00
+566.8000E-03,-3.0150754E+00,-4.8241206E+00
+567.2800E-03,-3.0150754E+00,-4.8241206E+00
+567.7600E-03,-3.0150754E+00,-4.8241206E+00
+568.2400E-03,-3.0150754E+00,-4.8241206E+00
+568.7200E-03,-2.9648241E+00,-4.9748744E+00
+569.2000E-03,-3.0150754E+00,-5.0251257E+00
+569.6800E-03,-3.0150754E+00,-4.8241206E+00
+570.1600E-03,-3.0150754E+00,-5.0251257E+00
+570.6400E-03,-3.0653267E+00,-5.0251257E+00
+571.1200E-03,-3.1658292E+00,-5.0251257E+00
+571.6000E-03,-3.0653267E+00,-5.0251257E+00
+572.0800E-03,-3.0653267E+00,-5.1758794E+00
+572.5600E-03,-3.2160804E+00,-5.0753769E+00
+573.0400E-03,-3.2160804E+00,-5.2261307E+00
+573.5200E-03,-3.2160804E+00,-5.1758794E+00
+574.0000E-03,-3.2160804E+00,-5.2261307E+00
+574.4800E-03,-3.2160804E+00,-5.2261307E+00
+574.9600E-03,-3.2663317E+00,-5.2261307E+00
+575.4400E-03,-3.2160804E+00,-5.2261307E+00
+575.9200E-03,-3.3668342E+00,-5.2261307E+00
+576.4000E-03,-3.4170855E+00,-5.4271357E+00
+576.8800E-03,-3.4170855E+00,-5.2763820E+00
+577.3600E-03,-3.2160804E+00,-5.2261307E+00
+577.8400E-03,-3.4170855E+00,-5.4271357E+00
+578.3200E-03,-3.4170855E+00,-5.4271357E+00
+578.8000E-03,-3.4170855E+00,-5.4271357E+00
+579.2800E-03,-3.4170855E+00,-5.4271357E+00
+579.7600E-03,-3.4170855E+00,-5.4773870E+00
+580.2400E-03,-3.5678392E+00,-5.4271357E+00
+580.7200E-03,-3.4170855E+00,-5.6281407E+00
+581.2000E-03,-3.4673367E+00,-5.4773870E+00
+581.6800E-03,-3.6180905E+00,-5.6281407E+00
+582.1600E-03,-3.4673367E+00,-5.6281407E+00
+582.6400E-03,-3.5678392E+00,-5.6281407E+00
+583.1200E-03,-3.6180905E+00,-5.6281407E+00
+583.6000E-03,-3.6180905E+00,-5.7788945E+00
+584.0800E-03,-3.6180905E+00,-5.6281407E+00
+584.5600E-03,-3.6180905E+00,-5.8291458E+00
+585.0400E-03,-3.6683417E+00,-5.8291458E+00
+585.5200E-03,-3.8190955E+00,-5.7788945E+00
+586.0000E-03,-3.6683417E+00,-5.7788945E+00
+586.4800E-03,-3.6683417E+00,-5.8291458E+00
+586.9600E-03,-3.7688443E+00,-5.8291458E+00
+587.4400E-03,-3.7688443E+00,-5.8291458E+00
+587.9200E-03,-3.6683417E+00,-5.8291458E+00
+588.4000E-03,-3.8190955E+00,-5.8291458E+00
+588.8800E-03,-3.8190955E+00,-5.8793970E+00
+589.3600E-03,-3.8190955E+00,-5.8291458E+00
+589.8400E-03,-3.9698493E+00,-5.8793970E+00
+590.3200E-03,-3.8693468E+00,-6.0301508E+00
+590.8000E-03,-3.8693468E+00,-6.0301508E+00
+591.2800E-03,-3.9698493E+00,-6.0301508E+00
+591.7600E-03,-4.0201005E+00,-6.0301508E+00
+592.2400E-03,-4.0201005E+00,-6.0301508E+00
+592.7200E-03,-3.8693468E+00,-6.0301508E+00
+593.2000E-03,-4.0201005E+00,-6.0301508E+00
+593.6800E-03,-4.0201005E+00,-6.2311558E+00
+594.1600E-03,-4.0201005E+00,-6.0301508E+00
+594.6400E-03,-4.0201005E+00,-6.2311558E+00
+595.1200E-03,-4.0703518E+00,-6.3316583E+00
+595.6000E-03,-4.0201005E+00,-6.3819096E+00
+596.0800E-03,-4.0703518E+00,-6.2311558E+00
+596.5600E-03,-4.1708543E+00,-6.2814071E+00
+597.0400E-03,-4.2211056E+00,-6.2311558E+00
+597.5200E-03,-4.0703518E+00,-6.2311558E+00
+598.0000E-03,-4.2211056E+00,-6.4321609E+00
+598.4800E-03,-4.0703518E+00,-6.2814071E+00
+598.9600E-03,-4.2211056E+00,-6.4321609E+00
+599.4400E-03,-4.2211056E+00,-6.4321609E+00
+599.9200E-03,-4.3718593E+00,-6.4321609E+00
+600.4000E-03,-4.2713568E+00,-6.5829146E+00
+600.8800E-03,-4.3718593E+00,-6.5829146E+00
+601.3600E-03,-4.3718593E+00,-6.4321609E+00
+601.8400E-03,-4.3718593E+00,-6.4321609E+00
+602.3200E-03,-4.4221106E+00,-6.5829146E+00
+602.8000E-03,-4.4221106E+00,-6.4321609E+00
+603.2800E-03,-4.2713568E+00,-6.6331659E+00
+603.7600E-03,-4.4221106E+00,-6.6834171E+00
+604.2400E-03,-4.4221106E+00,-6.5829146E+00
+604.7200E-03,-4.4723618E+00,-6.7839197E+00
+605.2000E-03,-4.4221106E+00,-6.6331659E+00
+605.6800E-03,-4.5728644E+00,-6.6331659E+00
+606.1600E-03,-4.6231156E+00,-6.6331659E+00
+606.6400E-03,-4.4221106E+00,-6.7839197E+00
+607.1200E-03,-4.6231156E+00,-6.7839197E+00
+607.6000E-03,-4.6231156E+00,-6.8341709E+00
+608.0800E-03,-4.4723618E+00,-6.8341709E+00
+608.5600E-03,-4.6231156E+00,-6.8341709E+00
+609.0400E-03,-4.6231156E+00,-6.8341709E+00
+609.5200E-03,-4.6231156E+00,-6.8341709E+00
+610.0000E-03,-4.6231156E+00,-6.8341709E+00
+610.4800E-03,-4.6231156E+00,-6.9849247E+00
+610.9600E-03,-4.7738694E+00,-6.8844222E+00
+611.4400E-03,-4.8241206E+00,-7.0351759E+00
+611.9200E-03,-4.6733669E+00,-7.0351759E+00
+612.4000E-03,-4.8241206E+00,-7.0351759E+00
+612.8800E-03,-4.8241206E+00,-7.1859297E+00
+613.3600E-03,-4.8241206E+00,-7.0351759E+00
+613.8400E-03,-4.8743719E+00,-7.0351759E+00
+614.3200E-03,-4.8241206E+00,-7.0854272E+00
+614.8000E-03,-4.8241206E+00,-7.0854272E+00
+615.2800E-03,-5.0251257E+00,-7.0854272E+00
+615.7600E-03,-4.8241206E+00,-7.2361810E+00
+616.2400E-03,-5.0251257E+00,-7.2361810E+00
+616.7200E-03,-4.8743719E+00,-7.2361810E+00
+617.2000E-03,-5.0251257E+00,-7.3869347E+00
+617.6800E-03,-5.0251257E+00,-7.2361810E+00
+618.1600E-03,-5.0251257E+00,-7.3869347E+00
+618.6400E-03,-5.0251257E+00,-7.2361810E+00
+619.1200E-03,-5.0251257E+00,-7.2864322E+00
+619.6000E-03,-5.0251257E+00,-7.2864322E+00
+620.0800E-03,-5.1758794E+00,-7.4371860E+00
+620.5600E-03,-5.0251257E+00,-7.4371860E+00
+621.0400E-03,-5.0251257E+00,-7.4371860E+00
+621.5200E-03,-5.0251257E+00,-7.4371860E+00
+622.0000E-03,-5.2261307E+00,-7.4371860E+00
+622.4800E-03,-5.2261307E+00,-7.4371860E+00
+622.9600E-03,-5.2261307E+00,-7.6381910E+00
+623.4400E-03,-5.2261307E+00,-7.5879398E+00
+623.9200E-03,-5.2261307E+00,-7.6381910E+00
+624.4000E-03,-5.2261307E+00,-7.6381910E+00
+624.8800E-03,-5.2261307E+00,-7.4874372E+00
+625.3600E-03,-5.2261307E+00,-7.6381910E+00
+625.8400E-03,-5.2763820E+00,-7.6381910E+00
+626.3200E-03,-5.2763820E+00,-7.6381910E+00
+626.8000E-03,-5.2763820E+00,-7.6381910E+00
+627.2800E-03,-5.3768845E+00,-7.7889448E+00
+627.7600E-03,-5.4773870E+00,-7.8391960E+00
+628.2400E-03,-5.4271357E+00,-7.8391960E+00
+628.7200E-03,-5.4271357E+00,-7.8391960E+00
+629.2000E-03,-5.4271357E+00,-7.8894473E+00
+629.6800E-03,-5.5778895E+00,-7.8391960E+00
+630.1600E-03,-5.5778895E+00,-7.9899498E+00
+630.6400E-03,-5.6281407E+00,-8.0402011E+00
+631.1200E-03,-5.6281407E+00,-7.8391960E+00
+631.6000E-03,-5.6281407E+00,-8.0402011E+00
+632.0800E-03,-5.6281407E+00,-7.8894473E+00
+632.5600E-03,-5.6281407E+00,-8.0402011E+00
+633.0400E-03,-5.6281407E+00,-8.0402011E+00
+633.5200E-03,-5.6281407E+00,-8.0402011E+00
+634.0000E-03,-5.6281407E+00,-8.1909548E+00
+634.4800E-03,-5.6281407E+00,-8.0904523E+00
+634.9600E-03,-5.7788945E+00,-8.0402011E+00
+635.4400E-03,-5.6783920E+00,-8.0904523E+00
+635.9200E-03,-5.7788945E+00,-8.2412061E+00
+636.4000E-03,-5.8291458E+00,-8.2412061E+00
+636.8800E-03,-5.8291458E+00,-8.2412061E+00
+637.3600E-03,-5.8291458E+00,-8.2412061E+00
+637.8400E-03,-5.8793970E+00,-8.2412061E+00
+638.3200E-03,-5.8291458E+00,-8.2914574E+00
+638.8000E-03,-5.8291458E+00,-8.2914574E+00
+639.2800E-03,-5.8291458E+00,-8.3919599E+00
+639.7600E-03,-5.8291458E+00,-8.4422111E+00
+640.2400E-03,-5.8793970E+00,-8.4422111E+00
+640.7200E-03,-6.0301508E+00,-8.4422111E+00
+641.2000E-03,-5.8793970E+00,-8.3919599E+00
+641.6800E-03,-5.9798995E+00,-8.4422111E+00
+642.1600E-03,-6.0301508E+00,-8.4422111E+00
+642.6400E-03,-6.0301508E+00,-8.4422111E+00
+643.1200E-03,-6.0301508E+00,-8.5929649E+00
+643.6000E-03,-6.0301508E+00,-8.5929649E+00
+644.0800E-03,-6.0301508E+00,-8.6432161E+00
+644.5600E-03,-6.0804021E+00,-8.6432161E+00
+645.0400E-03,-6.0301508E+00,-8.6432161E+00
+645.5200E-03,-6.2311558E+00,-8.6432161E+00
+646.0000E-03,-6.1809046E+00,-8.6432161E+00
+646.4800E-03,-6.2311558E+00,-8.7939699E+00
+646.9600E-03,-6.2311558E+00,-8.7939699E+00
+647.4400E-03,-6.2311558E+00,-8.6432161E+00
+647.9200E-03,-6.1809046E+00,-8.8442212E+00
+648.4000E-03,-6.2311558E+00,-8.6934674E+00
+648.8800E-03,-6.2311558E+00,-8.7939699E+00
+649.3600E-03,-6.2311558E+00,-8.8442212E+00
+649.8400E-03,-6.2814071E+00,-8.8442212E+00
+650.3200E-03,-6.2311558E+00,-8.8442212E+00
+650.8000E-03,-6.2814071E+00,-8.8944724E+00
+651.2800E-03,-6.4321609E+00,-9.0452262E+00
+651.7600E-03,-6.2814071E+00,-8.8944724E+00
+652.2400E-03,-6.2311558E+00,-9.0452262E+00
+652.7200E-03,-6.2814071E+00,-9.0452262E+00
+653.2000E-03,-6.4321609E+00,-9.0452262E+00
+653.6800E-03,-6.4321609E+00,-9.1959800E+00
+654.1600E-03,-6.4321609E+00,-9.0452262E+00
+654.6400E-03,-6.4321609E+00,-9.0452262E+00
+655.1200E-03,-6.6331659E+00,-9.0452262E+00
+655.6000E-03,-6.4321609E+00,-9.0452262E+00
+656.0800E-03,-6.4824121E+00,-9.0452262E+00
+656.5600E-03,-6.6331659E+00,-9.0452262E+00
+657.0400E-03,-6.4321609E+00,-9.0452262E+00
+657.5200E-03,-6.6331659E+00,-9.0452262E+00
+658.0000E-03,-6.6331659E+00,-9.0452262E+00
+658.4800E-03,-6.6331659E+00,-9.0452262E+00
+658.9600E-03,-6.6834171E+00,-9.0452262E+00
+659.4400E-03,-6.6331659E+00,-9.0452262E+00
+659.9200E-03,-6.6834171E+00,-9.0452262E+00
+660.4000E-03,-6.7839197E+00,-9.0452262E+00
+660.8800E-03,-6.8341709E+00,-9.1959800E+00
+661.3600E-03,-6.8341709E+00,-9.0452262E+00
+661.8400E-03,-6.8341709E+00,-9.1959800E+00
+662.3200E-03,-6.8341709E+00,-9.0452262E+00
+662.8000E-03,-6.8341709E+00,-9.1959800E+00
+663.2800E-03,-6.8341709E+00,-9.0954775E+00
+663.7600E-03,-6.8341709E+00,-9.0452262E+00
+664.2400E-03,-6.8844222E+00,-9.0452262E+00
+664.7200E-03,-6.9849247E+00,-9.2462312E+00
+665.2000E-03,-6.9849247E+00,-9.0452262E+00
+665.6800E-03,-6.9849247E+00,-9.2462312E+00
+666.1600E-03,-6.8844222E+00,-9.1959800E+00
+666.6400E-03,-7.0351759E+00,-9.0954775E+00
+667.1200E-03,-6.9849247E+00,-9.0954775E+00
+667.6000E-03,-7.0351759E+00,-9.2462312E+00
+668.0800E-03,-6.9849247E+00,-9.1959800E+00
+668.5600E-03,-7.0351759E+00,-9.2462312E+00
+669.0400E-03,-7.0351759E+00,-9.0452262E+00
+669.5200E-03,-7.0351759E+00,-9.1959800E+00
+670.0000E-03,-7.0351759E+00,-9.2462312E+00
+670.4800E-03,-7.0351759E+00,-9.2462312E+00
+670.9600E-03,-7.0854272E+00,-9.2462312E+00
+671.4400E-03,-7.2361810E+00,-9.2462312E+00
+671.9200E-03,-7.2361810E+00,-9.2462312E+00
+672.4000E-03,-7.2361810E+00,-9.2462312E+00
+672.8800E-03,-7.2361810E+00,-9.2462312E+00
+673.3600E-03,-7.1859297E+00,-9.0452262E+00
+673.8400E-03,-7.2361810E+00,-9.2462312E+00
+674.3200E-03,-7.2361810E+00,-9.0452262E+00
+674.8000E-03,-7.2361810E+00,-9.0954775E+00
+675.2800E-03,-7.3869347E+00,-9.2462312E+00
+675.7600E-03,-7.4371860E+00,-9.2462312E+00
+676.2400E-03,-7.3869347E+00,-9.2462312E+00
+676.7200E-03,-7.2864322E+00,-9.2462312E+00
+677.2000E-03,-7.2864322E+00,-9.2462312E+00
+677.6800E-03,-7.4371860E+00,-9.2462312E+00
+678.1600E-03,-7.4371860E+00,-9.2462312E+00
+678.6400E-03,-7.4371860E+00,-9.3969850E+00
+679.1200E-03,-7.4371860E+00,-9.2462312E+00
+679.6000E-03,-7.4371860E+00,-9.3969850E+00
+680.0800E-03,-7.4371860E+00,-9.2462312E+00
+680.5600E-03,-7.4371860E+00,-9.2964825E+00
+681.0400E-03,-7.6381910E+00,-9.2462312E+00
+681.5200E-03,-7.4874372E+00,-9.2462312E+00
+682.0000E-03,-7.4874372E+00,-9.2964825E+00
+682.4800E-03,-7.6381910E+00,-9.2462312E+00
+682.9600E-03,-7.6381910E+00,-9.2462312E+00
+683.4400E-03,-7.4874372E+00,-9.2462312E+00
+683.9200E-03,-7.5879398E+00,-9.4472363E+00
+684.4000E-03,-7.6381910E+00,-9.3969850E+00
+684.8800E-03,-7.6884423E+00,-9.3969850E+00
+685.3600E-03,-7.6381910E+00,-9.3969850E+00
+685.8400E-03,-7.6884423E+00,-9.2462312E+00
+686.3200E-03,-7.7889448E+00,-9.2964825E+00
+686.8000E-03,-7.7889448E+00,-9.2462312E+00
+687.2800E-03,-7.6381910E+00,-9.2462312E+00
+687.7600E-03,-7.6884423E+00,-9.4472363E+00
+688.2400E-03,-7.6884423E+00,-9.2462312E+00
+688.7200E-03,-7.7889448E+00,-9.3969850E+00
+689.2000E-03,-7.8391960E+00,-9.3969850E+00
+689.6800E-03,-7.8391960E+00,-9.4472363E+00
+690.1600E-03,-8.0402011E+00,-9.4472363E+00
+690.6400E-03,-7.8894473E+00,-9.2964825E+00
+691.1200E-03,-7.8391960E+00,-9.2964825E+00
+691.6000E-03,-8.0402011E+00,-9.2964825E+00
+692.0800E-03,-7.9899498E+00,-9.4472363E+00
+692.5600E-03,-7.9899498E+00,-9.4472363E+00
+693.0400E-03,-8.0402011E+00,-9.2964825E+00
+693.5200E-03,-8.0402011E+00,-9.4472363E+00
+694.0000E-03,-8.0402011E+00,-9.3969850E+00
+694.4800E-03,-7.9899498E+00,-9.4472363E+00
+694.9600E-03,-8.0402011E+00,-9.3969850E+00
+695.4400E-03,-8.0402011E+00,-9.4472363E+00
+695.9200E-03,-8.0402011E+00,-9.4472363E+00
+696.4000E-03,-8.0904523E+00,-9.4472363E+00
+696.8800E-03,-8.2412061E+00,-9.4472363E+00
+697.3600E-03,-8.0904523E+00,-9.4472363E+00
+697.8400E-03,-8.2412061E+00,-9.4472363E+00
+698.3200E-03,-8.0402011E+00,-9.2964825E+00
+698.8000E-03,-8.3919599E+00,-9.4472363E+00
+699.2800E-03,-8.2412061E+00,-9.4472363E+00
+699.7600E-03,-8.2412061E+00,-9.4472363E+00
+700.2400E-03,-8.2412061E+00,-9.4472363E+00
+700.7200E-03,-8.2412061E+00,-9.4472363E+00
+701.2000E-03,-8.2412061E+00,-9.4472363E+00
+701.6800E-03,-8.3919599E+00,-9.4472363E+00
+702.1600E-03,-8.2412061E+00,-9.4472363E+00
+702.6400E-03,-8.2914574E+00,-9.4472363E+00
+703.1200E-03,-8.4422111E+00,-9.4472363E+00
+703.6000E-03,-8.2914574E+00,-9.4472363E+00
+704.0800E-03,-8.4422111E+00,-9.4472363E+00
+704.5600E-03,-8.4422111E+00,-9.4472363E+00
+705.0400E-03,-8.4422111E+00,-9.4472363E+00
+705.5200E-03,-8.4422111E+00,-9.4472363E+00
+706.0000E-03,-8.4422111E+00,-9.5979900E+00
+706.4800E-03,-8.4422111E+00,-9.4472363E+00
+706.9600E-03,-8.4924624E+00,-9.4472363E+00
+707.4400E-03,-8.4924624E+00,-9.4472363E+00
+707.9200E-03,-8.6432161E+00,-9.5979900E+00
+708.4000E-03,-8.6432161E+00,-9.5979900E+00
+708.8800E-03,-8.6432161E+00,-9.4472363E+00
+709.3600E-03,-8.6432161E+00,-9.4472363E+00
+709.8400E-03,-8.6432161E+00,-9.4472363E+00
+710.3200E-03,-8.6432161E+00,-9.4974875E+00
+710.8000E-03,-8.6432161E+00,-9.4472363E+00
+711.2800E-03,-8.6432161E+00,-9.4472363E+00
+711.7600E-03,-8.6934674E+00,-9.6482413E+00
+712.2400E-03,-8.8442212E+00,-9.5979900E+00
+712.7200E-03,-8.6934674E+00,-9.4472363E+00
+713.2000E-03,-8.6934674E+00,-9.5979900E+00
+713.6800E-03,-8.8442212E+00,-9.6482413E+00
+714.1600E-03,-8.8442212E+00,-9.4974875E+00
+714.6400E-03,-8.8442212E+00,-9.6482413E+00
+715.1200E-03,-8.8442212E+00,-9.5979900E+00
+715.6000E-03,-8.8944724E+00,-9.4472363E+00
+716.0800E-03,-8.8442212E+00,-9.5979900E+00
+716.5600E-03,-8.8944724E+00,-9.6482413E+00
+717.0400E-03,-8.8442212E+00,-9.4472363E+00
+717.5200E-03,-8.8442212E+00,-9.4974875E+00
+718.0000E-03,-8.8442212E+00,-9.6482413E+00
+718.4800E-03,-9.0452262E+00,-9.5979900E+00
+718.9600E-03,-8.8442212E+00,-9.5979900E+00
+719.4400E-03,-8.8442212E+00,-9.6482413E+00
+719.9200E-03,-9.0452262E+00,-9.4974875E+00
+720.4000E-03,-8.9949749E+00,-9.6482413E+00
+720.8800E-03,-9.0954775E+00,-9.6482413E+00
+721.3600E-03,-9.0452262E+00,-9.6482413E+00
+721.8400E-03,-9.0452262E+00,-9.6482413E+00
+722.3200E-03,-9.1959800E+00,-9.4974875E+00
+722.8000E-03,-9.1959800E+00,-9.6482413E+00
+723.2800E-03,-9.2462312E+00,-9.6482413E+00
+723.7600E-03,-9.2462312E+00,-9.6482413E+00
+724.2400E-03,-9.0954775E+00,-9.4974875E+00
+724.7200E-03,-9.0954775E+00,-9.6482413E+00
+725.2000E-03,-9.2462312E+00,-9.5979900E+00
+725.6800E-03,-9.2462312E+00,-9.6482413E+00
+726.1600E-03,-9.2462312E+00,-9.6482413E+00
+726.6400E-03,-9.2964825E+00,-9.6482413E+00
+727.1200E-03,-9.3969850E+00,-9.6482413E+00
+727.6000E-03,-9.2964825E+00,-9.5979900E+00
+728.0800E-03,-9.2462312E+00,-9.6482413E+00
+728.5600E-03,-9.3969850E+00,-9.6984925E+00
+729.0400E-03,-9.4472363E+00,-9.6482413E+00
+729.5200E-03,-9.4472363E+00,-9.6482413E+00
